0.0000000e+000,1.0000000e+000,1.0000000e+000
1.0000000e-002,9.9680171e-001,9.9680171e-001
2.0000000e-002,9.8722728e-001,9.8722728e-001
3.0000000e-002,9.7133797e-001,9.7133797e-001
4.0000000e-002,9.4923542e-001,9.4923542e-001
5.0000000e-002,9.2106099e-001,9.2106099e-001
6.0000000e-002,8.8699492e-001,8.8699492e-001
7.0000000e-002,8.4725511e-001,8.4725511e-001
8.0000000e-002,8.0209576e-001,8.0209576e-001
9.0000000e-002,7.5180573e-001,7.5180573e-001
1.0000000e-001,6.9670671e-001,6.9670671e-001
1.1000000e-001,6.3715114e-001,6.3715114e-001
1.2000000e-001,5.7351999e-001,5.7351999e-001
1.3000000e-001,5.0622026e-001,5.0622026e-001
1.4000000e-001,4.3568245e-001,4.3568245e-001
1.5000000e-001,3.6235775e-001,3.6235775e-001
1.6000000e-001,2.8671521e-001,2.8671521e-001
1.7000000e-001,2.0923867e-001,2.0923867e-001
1.8000000e-001,1.3042371e-001,1.3042371e-001
1.9000000e-001,5.0774485e-002,5.0774485e-002
2.0000000e-001,-2.9199522e-002,-2.9199522e-002
2.1000000e-001,-1.0898675e-001,-1.0898675e-001
2.2000000e-001,-1.8807684e-001,-1.8807684e-001
2.3000000e-001,-2.6596388e-001,-2.6596388e-001
2.4000000e-001,-3.4214965e-001,-3.4214965e-001
2.5000000e-001,-4.1614684e-001,-4.1614684e-001
2.6000000e-001,-4.8748210e-001,-4.8748210e-001
2.7000000e-001,-5.5569915e-001,-5.5569915e-001
2.8000000e-001,-6.2036161e-001,-6.2036161e-001
2.9000000e-001,-6.8105588e-001,-6.8105588e-001
3.0000000e-001,-7.3739372e-001,-7.3739372e-001
3.1000000e-001,-7.8901475e-001,-7.8901475e-001
3.2000000e-001,-8.3558878e-001,-8.3558878e-001
3.3000000e-001,-8.7681789e-001,-8.7681789e-001
3.4000000e-001,-9.1243836e-001,-9.1243836e-001
3.5000000e-001,-9.4222234e-001,-9.4222234e-001
3.6000000e-001,-9.6597931e-001,-9.6597931e-001
3.7000000e-001,-9.8355731e-001,-9.8355731e-001
3.8000000e-001,-9.9484390e-001,-9.9484390e-001
3.9000000e-001,-9.9976689e-001,-9.9976689e-001
4.0000000e-001,-9.9829478e-001,-9.9829478e-001
4.1000000e-001,-9.9043698e-001,-9.9043698e-001
4.2000000e-001,-9.7624378e-001,-9.7624378e-001
4.3000000e-001,-9.5580594e-001,-9.5580594e-001
4.4000000e-001,-9.2925421e-001,-9.2925421e-001
4.5000000e-001,-8.9675842e-001,-8.9675842e-001
4.6000000e-001,-8.5852643e-001,-8.5852643e-001
4.7000000e-001,-8.1480281e-001,-8.1480281e-001
4.8000000e-001,-7.6586723e-001,-7.6586723e-001
4.9000000e-001,-7.1203272e-001,-7.1203272e-001
5.0000000e-001,-6.5364362e-001,-6.5364362e-001
5.1000000e-001,-5.9107344e-001,-5.9107344e-001
5.2000000e-001,-5.2472240e-001,-5.2472240e-001
5.3000000e-001,-4.5501493e-001,-4.5501493e-001
5.4000000e-001,-3.8239692e-001,-3.8239692e-001
5.5000000e-001,-3.0733287e-001,-3.0733287e-001
5.6000000e-001,-2.3030294e-001,-2.3030294e-001
5.7000000e-001,-1.5179986e-001,-1.5179986e-001
5.8000000e-001,-7.2325775e-002,-7.2325775e-002
5.9000000e-001,7.6109461e-003,7.6109461e-003
6.0000000e-001,8.7498983e-002,8.7498983e-002
6.1000000e-001,1.6682733e-001,1.6682733e-001
6.2000000e-001,2.4508854e-001,2.4508854e-001
6.3000000e-001,3.2178203e-001,3.2178203e-001
6.4000000e-001,3.9641721e-001,3.9641721e-001
6.5000000e-001,4.6851667e-001,4.6851667e-001
6.6000000e-001,5.3761923e-001,5.3761923e-001
6.7000000e-001,6.0328285e-001,6.0328285e-001
6.8000000e-001,6.6508753e-001,6.6508753e-001
6.9000000e-001,7.2263791e-001,7.2263791e-001
7.0000000e-001,7.7556588e-001,7.7556588e-001
7.1000000e-001,8.2353287e-001,8.2353287e-001
7.2000000e-001,8.6623206e-001,8.6623206e-001
7.3000000e-001,9.0339033e-001,9.0339033e-001
7.4000000e-001,9.3476998e-001,9.3476998e-001
7.5000000e-001,9.6017029e-001,9.6017029e-001
7.6000000e-001,9.7942878e-001,9.7942878e-001
7.7000000e-001,9.9242228e-001,9.9242228e-001
7.8000000e-001,9.9906766e-001,9.9906766e-001
7.9000000e-001,9.9932242e-001,9.9932242e-001
8.0000000e-001,9.9318492e-001,9.9318492e-001
8.1000000e-001,9.8069443e-001,9.8069443e-001
8.2000000e-001,9.6193084e-001,9.6193084e-001
8.3000000e-001,9.3701418e-001,9.3701418e-001
8.4000000e-001,9.0610382e-001,9.0610382e-001
8.5000000e-001,8.6939749e-001,8.6939749e-001
8.6000000e-001,8.2712998e-001,8.2712998e-001
8.7000000e-001,7.7957167e-001,7.7957167e-001
8.8000000e-001,7.2702676e-001,7.2702676e-001
8.9000000e-001,6.6983135e-001,6.6983135e-001
9.0000000e-001,6.0835131e-001,6.0835131e-001
9.1000000e-001,5.4297990e-001,5.4297990e-001
9.2000000e-001,4.7413527e-001,4.7413527e-001
9.3000000e-001,4.0225780e-001,4.0225780e-001
9.4000000e-001,3.2780724e-001,3.2780724e-001
9.5000000e-001,2.5125984e-001,2.5125984e-001
9.6000000e-001,1.7310524e-001,1.7310524e-001
9.7000000e-001,9.3843346e-002,9.3843346e-002
9.8000000e-001,1.3981178e-002,1.3981178e-002
9.9000000e-001,-6.5970420e-002,-6.5970420e-002
1.0000000e+000,-1.4550003e-001,-1.4550003e-001
1.0100000e+000,-2.2409894e-001,-2.2409894e-001
1.0200000e+000,-3.0126438e-001,-3.0126438e-001
1.0300000e+000,-3.7650276e-001,-3.7650276e-001
1.0400000e+000,-4.4933281e-001,-4.4933281e-001
1.0500000e+000,-5.1928865e-001,-5.1928865e-001
1.0600000e+000,-5.8592283e-001,-5.8592283e-001
1.0700000e+000,-6.4880909e-001,-6.4880909e-001
1.0800000e+000,-7.0754519e-001,-7.0754519e-001
1.0900000e+000,-7.6175542e-001,-7.6175542e-001
1.1000000e+000,-8.1109301e-001,-8.1109301e-001
1.1100000e+000,-8.5524238e-001,-8.5524238e-001
1.1200000e+000,-8.9392111e-001,-8.9392111e-001
1.1300000e+000,-9.2688180e-001,-9.2688180e-001
1.1400000e+000,-9.5391361e-001,-9.5391361e-001
1.1500000e+000,-9.7484362e-001,-9.7484362e-001
1.1600000e+000,-9.8953796e-001,-9.8953796e-001
1.1700000e+000,-9.9790264e-001,-9.9790264e-001
1.1800000e+000,-9.9988415e-001,-9.9988415e-001
1.1900000e+000,-9.9546981e-001,-9.9546981e-001
1.2000000e+000,-9.8468786e-001,-9.8468786e-001
1.2100000e+000,-9.6760726e-001,-9.6760726e-001
1.2200000e+000,-9.4433729e-001,-9.4433729e-001
1.2300000e+000,-9.1502677e-001,-9.1502677e-001
1.2400000e+000,-8.7986321e-001,-8.7986321e-001
1.2500000e+000,-8.3907153e-001,-8.3907153e-001
1.2600000e+000,-7.9291265e-001,-7.9291265e-001
1.2700000e+000,-7.4168184e-001,-7.4168184e-001
1.2800000e+000,-6.8570679e-001,-6.8570679e-001
1.2900000e+000,-6.2534556e-001,-6.2534556e-001
1.3000000e+000,-5.6098426e-001,-5.6098426e-001
1.3100000e+000,-4.9303457e-001,-4.9303457e-001
1.3200000e+000,-4.2193114e-001,-4.2193114e-001
1.3300000e+000,-3.4812879e-001,-3.4812879e-001
1.3400000e+000,-2.7209960e-001,-2.7209960e-001
1.3500000e+000,-1.9432991e-001,-1.9432991e-001
1.3600000e+000,-1.1531716e-001,-1.1531716e-001
1.3700000e+000,-3.5566785e-002,-3.5566785e-002
1.3800000e+000,4.4411100e-002,4.4411100e-002
1.3900000e+000,1.2410491e-001,1.2410491e-001
1.4000000e+000,2.0300486e-001,2.0300486e-001
1.4100000e+000,2.8060628e-001,2.8060628e-001
1.4200000e+000,3.5641278e-001,3.5641278e-001
1.4300000e+000,4.2993945e-001,4.2993945e-001
1.4400000e+000,5.0071598e-001,5.0071598e-001
1.4500000e+000,5.6828963e-001,5.6828963e-001
1.4600000e+000,6.3222817e-001,6.3222817e-001
1.4700000e+000,6.9212260e-001,6.9212260e-001
1.4800000e+000,7.4758982e-001,7.4758982e-001
1.4900000e+000,7.9827501e-001,7.9827501e-001
1.5000000e+000,8.4385396e-001,8.4385396e-001
1.5100000e+000,8.8403513e-001,8.8403513e-001
1.5200000e+000,9.1856149e-001,9.1856149e-001
1.5300000e+000,9.4721219e-001,9.4721219e-001
1.5400000e+000,9.6980396e-001,9.6980396e-001
1.5500000e+000,9.8619230e-001,9.8619230e-001
1.5600000e+000,9.9627238e-001,9.9627238e-001
1.5700000e+000,9.9997971e-001,9.9997971e-001
1.5800000e+000,9.9729058e-001,9.9729058e-001
1.5900000e+000,9.8822220e-001,9.8822220e-001
1.6000000e+000,9.7283257e-001,9.7283257e-001
1.6100000e+000,9.5122012e-001,9.5122012e-001
1.6200000e+000,9.2352312e-001,9.2352312e-001
1.6300000e+000,8.8991872e-001,8.8991872e-001
1.6400000e+000,8.5062188e-001,8.5062188e-001
1.6500000e+000,8.0588396e-001,8.0588396e-001
1.6600000e+000,7.5599113e-001,7.5599113e-001
1.6700000e+000,7.0126254e-001,7.0126254e-001
1.6800000e+000,6.4204826e-001,6.4204826e-001
1.6900000e+000,5.7872707e-001,5.7872707e-001
1.7000000e+000,5.1170399e-001,5.1170399e-001
1.7100000e+000,4.4140776e-001,4.4140776e-001
1.7200000e+000,3.6828802e-001,3.6828802e-001
1.7300000e+000,2.9281250e-001,2.9281250e-001
1.7400000e+000,2.1546398e-001,2.1546398e-001
1.7500000e+000,1.3673722e-001,1.3673722e-001
1.7600000e+000,5.7135809e-002,5.7135809e-002
1.7700000e+000,-2.2831075e-002,-2.2831075e-002
1.7800000e+000,-1.0265192e-001,-1.0265192e-001
1.7900000e+000,-1.8181614e-001,-1.8181614e-001
1.8000000e+000,-2.5981736e-001,-2.5981736e-001
1.8100000e+000,-3.3615663e-001,-3.3615663e-001
1.8200000e+000,-4.1034565e-001,-4.1034565e-001
1.8300000e+000,-4.8190985e-001,-4.8190985e-001
1.8400000e+000,-5.5039148e-001,-5.5039148e-001
1.8500000e+000,-6.1535248e-001,-6.1535248e-001
1.8600000e+000,-6.7637733e-001,-6.7637733e-001
1.8700000e+000,-7.3307567e-001,-7.3307567e-001
1.8800000e+000,-7.8508482e-001,-7.8508482e-001
1.8900000e+000,-8.3207211e-001,-8.3207211e-001
1.9000000e+000,-8.7373698e-001,-8.7373698e-001
1.9100000e+000,-9.0981292e-001,-9.0981292e-001
1.9200000e+000,-9.4006915e-001,-9.4006915e-001
1.9300000e+000,-9.6431216e-001,-9.6431216e-001
1.9400000e+000,-9.8238685e-001,-9.8238685e-001
1.9500000e+000,-9.9417763e-001,-9.9417763e-001
1.9600000e+000,-9.9960905e-001,-9.9960905e-001
1.9700000e+000,-9.9864639e-001,-9.9864639e-001
1.9800000e+000,-9.9129581e-001,-9.9129581e-001
1.9900000e+000,-9.7760431e-001,-9.7760431e-001
2.0000000e+000,-9.5765948e-001,-9.5765948e-001
2.0100000e+000,-9.3158890e-001,-9.3158890e-001
2.0200000e+000,-8.9955933e-001,-8.9955933e-001
2.0300000e+000,-8.6177565e-001,-8.6177565e-001
2.0400000e+000,-8.1847954e-001,-8.1847954e-001
2.0500000e+000,-7.6994796e-001,-7.6994796e-001
2.0600000e+000,-7.1649134e-001,-7.1649134e-001
2.0700000e+000,-6.5845162e-001,-6.5845162e-001
2.0800000e+000,-5.9620006e-001,-5.9620006e-001
2.0900000e+000,-5.3013485e-001,-5.3013485e-001
2.1000000e+000,-4.6067859e-001,-4.6067859e-001
2.1100000e+000,-3.8827555e-001,-3.8827555e-001
2.1200000e+000,-3.1338888e-001,-3.1338888e-001
2.1300000e+000,-2.3649759e-001,-2.3649759e-001
2.1400000e+000,-1.5809352e-001,-1.5809352e-001
2.1500000e+000,-7.8678195e-002,-7.8678195e-002
2.1600000e+000,1.2404049e-003,1.2404049e-003
2.1700000e+000,8.1151070e-002,8.1151070e-002
2.1800000e+000,1.6054265e-001,1.6054265e-001
2.1900000e+000,2.3890730e-001,2.3890730e-001
2.2000000e+000,3.1574375e-001,3.1574375e-001
2.2100000e+000,3.9056053e-001,3.9056053e-001
2.2200000e+000,4.6287905e-001,4.6287905e-001
2.2300000e+000,5.3223673e-001,5.3223673e-001
2.2400000e+000,5.9818991e-001,5.9818991e-001
2.2500000e+000,6.6031671e-001,6.6031671e-001
2.2600000e+000,7.1821974e-001,7.1821974e-001
2.2700000e+000,7.7152861e-001,7.7152861e-001
2.2800000e+000,8.1990234e-001,8.1990234e-001
2.2900000e+000,8.6303148e-001,8.6303148e-001
2.3000000e+000,9.0064017e-001,9.0064017e-001
2.3100000e+000,9.3248784e-001,9.3248784e-001
2.3200000e+000,9.5837077e-001,9.5837077e-001
2.3300000e+000,9.7812339e-001,9.7812339e-001
2.3400000e+000,9.9161936e-001,9.9161936e-001
2.3500000e+000,9.9877236e-001,9.9877236e-001
2.3600000e+000,9.9953661e-001,9.9953661e-001
2.3700000e+000,9.9390725e-001,9.9390725e-001
2.3800000e+000,9.8192027e-001,9.8192027e-001
2.3900000e+000,9.6365235e-001,9.6365235e-001
2.4000000e+000,9.3922035e-001,9.3922035e-001
2.4100000e+000,9.0878054e-001,9.0878054e-001
2.4200000e+000,8.7252763e-001,8.7252763e-001
2.4300000e+000,8.3069353e-001,8.3069353e-001
2.4400000e+000,7.8354582e-001,7.8354582e-001
2.4500000e+000,7.3138610e-001,7.3138610e-001
2.4600000e+000,6.7454799e-001,6.7454799e-001
2.4700000e+000,6.1339509e-001,6.1339509e-001
2.4800000e+000,5.4831855e-001,5.4831855e-001
2.4900000e+000,4.7973464e-001,4.7973464e-001
2.5000000e+000,4.0808206e-001,4.0808206e-001
2.5100000e+000,3.3381916e-001,3.3381916e-001
2.5200000e+000,2.5742095e-001,2.5742095e-001
2.5300000e+000,1.7937612e-001,1.7937612e-001
2.5400000e+000,1.0018390e-001,1.0018390e-001
2.5500000e+000,2.0350843e-002,2.0350843e-002
2.5600000e+000,-5.9612388e-002,-5.9612388e-002
2.5700000e+000,-1.3919430e-001,-1.3919430e-001
2.5800000e+000,-2.1788585e-001,-2.1788585e-001
2.5900000e+000,-2.9518367e-001,-2.9518367e-001
2.6000000e+000,-3.7059333e-001,-3.7059333e-001
2.6100000e+000,-4.4363245e-001,-4.4363245e-001
2.6200000e+000,-5.1383383e-001,-5.1383383e-001
2.6300000e+000,-5.8074844e-001,-5.8074844e-001
2.6400000e+000,-6.4394823e-001,-6.4394823e-001
2.6500000e+000,-7.0302896e-001,-7.0302896e-001
2.6600000e+000,-7.5761270e-001,-7.5761270e-001
2.6700000e+000,-8.0735030e-001,-8.0735030e-001
2.6800000e+000,-8.5192361e-001,-8.5192361e-001
2.6900000e+000,-8.9104753e-001,-8.9104753e-001
2.7000000e+000,-9.2447177e-001,-9.2447177e-001
2.7100000e+000,-9.5198256e-001,-9.5198256e-001
2.7200000e+000,-9.7340390e-001,-9.7340390e-001
2.7300000e+000,-9.8859878e-001,-9.8859878e-001
2.7400000e+000,-9.9747001e-001,-9.9747001e-001
2.7500000e+000,-9.9996083e-001,-9.9996083e-001
2.7600000e+000,-9.9605531e-001,-9.9605531e-001
2.7700000e+000,-9.8577844e-001,-9.8577844e-001
2.7800000e+000,-9.6919594e-001,-9.6919594e-001
2.7900000e+000,-9.4641391e-001,-9.4641391e-001
2.8000000e+000,-9.1757805e-001,-9.1757805e-001
2.8100000e+000,-8.8287283e-001,-8.8287283e-001
2.8200000e+000,-8.4252023e-001,-8.4252023e-001
2.8300000e+000,-7.9677838e-001,-7.9677838e-001
2.8400000e+000,-7.4593986e-001,-7.4593986e-001
2.8500000e+000,-6.9032988e-001,-6.9032988e-001
2.8600000e+000,-6.3030414e-001,-6.3030414e-001
2.8700000e+000,-5.6624660e-001,-5.6624660e-001
2.8800000e+000,-4.9856702e-001,-4.9856702e-001
2.8900000e+000,-4.2769831e-001,-4.2769831e-001
2.9000000e+000,-3.5409379e-001,-3.5409379e-001
2.9100000e+000,-2.7822428e-001,-2.7822428e-001
2.9200000e+000,-2.0057509e-001,-2.0057509e-001
2.9300000e+000,-1.2164290e-001,-1.2164290e-001
2.9400000e+000,-4.1932604e-002,-4.1932604e-002
2.9500000e+000,3.8045914e-002,3.8045914e-002
2.9600000e+000,1.1778107e-001,1.1778107e-001
2.9700000e+000,1.9676282e-001,1.9676282e-001
2.9800000e+000,2.7448597e-001,2.7448597e-001
2.9900000e+000,3.5045334e-001,3.5045334e-001
3.0000000e+000,4.2417901e-001,4.2417901e-001
3.0100000e+000,4.9519138e-001,4.9519138e-001
3.0200000e+000,5.6303621e-001,5.6303621e-001
3.0300000e+000,6.2727953e-001,6.2727953e-001
3.0400000e+000,6.8751041e-001,6.8751041e-001
3.0500000e+000,7.4334356e-001,7.4334356e-001
3.0600000e+000,7.9442186e-001,7.9442186e-001
3.0700000e+000,8.4041856e-001,8.4041856e-001
3.0800000e+000,8.8103945e-001,8.8103945e-001
3.0900000e+000,9.1602470e-001,9.1602470e-001
3.1000000e+000,9.4515051e-001,9.4515051e-001
3.1100000e+000,9.6823059e-001,9.6823059e-001
3.1200000e+000,9.8511730e-001,9.8511730e-001
3.1300000e+000,9.9570261e-001,9.9570261e-001
3.1400000e+000,9.9991883e-001,9.9991883e-001
3.1500000e+000,9.9773898e-001,9.9773898e-001
3.1600000e+000,9.8917701e-001,9.8917701e-001
3.1700000e+000,9.7428767e-001,9.7428767e-001
3.1800000e+000,9.5316623e-001,9.5316623e-001
3.1900000e+000,9.2594777e-001,9.2594777e-001
3.2000000e+000,8.9280640e-001,8.9280640e-001
3.2100000e+000,8.5395412e-001,8.5395412e-001
3.2200000e+000,8.0963945e-001,8.0963945e-001
3.2300000e+000,7.6014585e-001,7.6014585e-001
3.2400000e+000,7.0578991e-001,7.0578991e-001
3.2500000e+000,6.4691932e-001,6.4691932e-001
3.2600000e+000,5.8391066e-001,5.8391066e-001
3.2700000e+000,5.1716696e-001,5.1716696e-001
3.2800000e+000,4.4711516e-001,4.4711516e-001
3.2900000e+000,3.7420334e-001,3.7420334e-001
3.3000000e+000,2.9889791e-001,2.9889791e-001
3.3100000e+000,2.2168054e-001,2.2168054e-001
3.3200000e+000,1.4304518e-001,1.4304518e-001
3.3300000e+000,6.3494814e-002,6.3494814e-002
3.3400000e+000,-1.6461701e-002,-1.6461701e-002
3.3500000e+000,-9.6312917e-002,-9.6312917e-002
3.3600000e+000,-1.7554806e-001,-1.7554806e-001
3.3700000e+000,-2.5366029e-001,-2.5366029e-001
3.3800000e+000,-3.3014997e-001,-3.3014997e-001
3.3900000e+000,-4.0452781e-001,-4.0452781e-001
3.4000000e+000,-4.7631805e-001,-4.7631805e-001
3.4100000e+000,-5.4506148e-001,-5.4506148e-001
3.4200000e+000,-6.1031838e-001,-6.1031838e-001
3.4300000e+000,-6.7167132e-001,-6.7167132e-001
3.4400000e+000,-7.2872786e-001,-7.2872786e-001
3.4500000e+000,-7.8112303e-001,-7.8112303e-001
3.4600000e+000,-8.2852168e-001,-8.2852168e-001
3.4700000e+000,-8.7062062e-001,-8.7062062e-001
3.4800000e+000,-9.0715055e-001,-9.0715055e-001
3.4900000e+000,-9.3787782e-001,-9.3787782e-001
3.5000000e+000,-9.6260587e-001,-9.6260587e-001
3.5100000e+000,-9.8117652e-001,-9.8117652e-001
3.5200000e+000,-9.9347100e-001,-9.9347100e-001
3.5300000e+000,-9.9941065e-001,-9.9941065e-001
3.5400000e+000,-9.9895748e-001,-9.9895748e-001
3.5500000e+000,-9.9211440e-001,-9.9211440e-001
3.5600000e+000,-9.7892517e-001,-9.7892517e-001
3.5700000e+000,-9.5947416e-001,-9.5947416e-001
3.5800000e+000,-9.3388578e-001,-9.3388578e-001
3.5900000e+000,-9.0232373e-001,-9.0232373e-001
3.6000000e+000,-8.6498988e-001,-8.6498988e-001
3.6100000e+000,-8.2212305e-001,-8.2212305e-001
3.6200000e+000,-7.7399744e-001,-7.7399744e-001
3.6300000e+000,-7.2092089e-001,-7.2092089e-001
3.6400000e+000,-6.6323290e-001,-6.6323290e-001
3.6500000e+000,-6.0130248e-001,-6.0130248e-001
3.6600000e+000,-5.3552578e-001,-5.3552578e-001
3.6700000e+000,-4.6632355e-001,-4.6632355e-001
3.6800000e+000,-3.9413843e-001,-3.9413843e-001
3.6900000e+000,-3.1943218e-001,-3.1943218e-001
3.7000000e+000,-2.4268264e-001,-2.4268264e-001
3.7100000e+000,-1.6438077e-001,-1.6438077e-001
3.7200000e+000,-8.5027421e-002,-8.5027421e-002
3.7300000e+000,-5.1301866e-003,-5.1301866e-003
3.7400000e+000,7.4799864e-002,7.4799864e-002
3.7500000e+000,1.5425145e-001,1.5425145e-001
3.7600000e+000,2.3271635e-001,2.3271635e-001
3.7700000e+000,3.0969267e-001,3.0969267e-001
3.7800000e+000,3.8468800e-001,3.8468800e-001
3.7900000e+000,4.5722265e-001,4.5722265e-001
3.8000000e+000,5.2683263e-001,5.2683263e-001
3.8100000e+000,5.9307268e-001,5.9307268e-001
3.8200000e+000,6.5551909e-001,6.5551909e-001
3.8300000e+000,7.1377242e-001,7.1377242e-001
3.8400000e+000,7.6746003e-001,7.6746003e-001
3.8500000e+000,8.1623852e-001,8.1623852e-001
3.8600000e+000,8.5979587e-001,8.5979587e-001
3.8700000e+000,8.9785347e-001,8.9785347e-001
3.8800000e+000,9.3016786e-001,9.3016786e-001
3.8900000e+000,9.5653235e-001,9.5653235e-001
3.9000000e+000,9.7677830e-001,9.7677830e-001
3.9100000e+000,9.9077620e-001,9.9077620e-001
3.9200000e+000,9.9843652e-001,9.9843652e-001
3.9300000e+000,9.9971025e-001,9.9971025e-001
3.9400000e+000,9.9458924e-001,9.9458924e-001
3.9500000e+000,9.8310626e-001,9.8310626e-001
3.9600000e+000,9.6533475e-001,9.6533475e-001
3.9700000e+000,9.4138840e-001,9.4138840e-001
3.9800000e+000,9.1142037e-001,9.1142037e-001
3.9900000e+000,8.7562236e-001,8.7562236e-001
4.0000000e+000,8.3422336e-001,8.3422336e-001
4.0100000e+000,7.8748817e-001,7.8748817e-001
4.0200000e+000,7.3571575e-001,7.3571575e-001
4.0300000e+000,6.7923726e-001,6.7923726e-001
4.0400000e+000,6.1841397e-001,6.1841397e-001
4.0500000e+000,5.5363493e-001,5.5363493e-001
4.0600000e+000,4.8531453e-001,4.8531453e-001
4.0700000e+000,4.1388976e-001,4.1388976e-001
4.0800000e+000,3.3981752e-001,3.3981752e-001
4.0900000e+000,2.6357160e-001,2.6357160e-001
4.1000000e+000,1.8563972e-001,1.8563972e-001
4.1100000e+000,1.0652039e-001,1.0652039e-001
4.1200000e+000,2.6719682e-002,2.6719682e-002
4.1300000e+000,-5.3251937e-002,-5.3251937e-002
4.1400000e+000,-1.3288293e-001,-1.3288293e-001
4.1500000e+000,-2.1166392e-001,-2.1166392e-001
4.1600000e+000,-2.8909098e-001,-2.8909098e-001
4.1700000e+000,-3.6466885e-001,-3.6466885e-001
4.1800000e+000,-4.3791408e-001,-4.3791408e-001
4.1900000e+000,-5.0835816e-001,-5.0835816e-001
4.2000000e+000,-5.7555048e-001,-5.7555048e-001
4.2100000e+000,-6.3906124e-001,-6.3906124e-001
4.2200000e+000,-6.9848419e-001,-6.9848419e-001
4.2300000e+000,-7.5343922e-001,-7.5343922e-001
4.2400000e+000,-8.0357482e-001,-8.0357482e-001
4.2500000e+000,-8.4857027e-001,-8.4857027e-001
4.2600000e+000,-8.8813778e-001,-8.8813778e-001
4.2700000e+000,-9.2202423e-001,-9.2202423e-001
4.2800000e+000,-9.5001288e-001,-9.5001288e-001
4.2900000e+000,-9.7192468e-001,-9.7192468e-001
4.3000000e+000,-9.8761948e-001,-9.8761948e-001
4.3100000e+000,-9.9699689e-001,-9.9699689e-001
4.3200000e+000,-9.9999692e-001,-9.9999692e-001
4.3300000e+000,-9.9660039e-001,-9.9660039e-001
4.3400000e+000,-9.8682901e-001,-9.8682901e-001
4.3500000e+000,-9.7074529e-001,-9.7074529e-001
4.3600000e+000,-9.4845212e-001,-9.4845212e-001
4.3700000e+000,-9.2009209e-001,-9.2009209e-001
4.3800000e+000,-8.8584661e-001,-8.8584661e-001
4.3900000e+000,-8.4593473e-001,-8.4593473e-001
4.4000000e+000,-8.0061176e-001,-8.0061176e-001
4.4100000e+000,-7.5016761e-001,-7.5016761e-001
4.4200000e+000,-6.9492494e-001,-6.9492494e-001
4.4300000e+000,-6.3523713e-001,-6.3523713e-001
4.4400000e+000,-5.7148596e-001,-5.7148596e-001
4.4500000e+000,-5.0407924e-001,-5.0407924e-001
4.4600000e+000,-4.3344813e-001,-4.3344813e-001
4.4700000e+000,-3.6004443e-001,-3.6004443e-001
4.4800000e+000,-2.8433767e-001,-2.8433767e-001
4.4900000e+000,-2.0681213e-001,-2.0681213e-001
4.5000000e+000,-1.2796369e-001,-1.2796369e-001
4.5100000e+000,-4.8296721e-002,-4.8296721e-002
4.5200000e+000,3.1679183e-002,3.1679183e-002
4.5300000e+000,1.1145245e-001,1.1145245e-001
4.5400000e+000,1.9051280e-001,1.9051280e-001
4.5500000e+000,2.6835451e-001,2.6835451e-001
4.5600000e+000,3.4447968e-001,3.4447968e-001
4.5700000e+000,4.1840135e-001,4.1840135e-001
4.5800000e+000,4.8964668e-001,4.8964668e-001
4.5900000e+000,5.5775994e-001,5.5775994e-001
4.6000000e+000,6.2230544e-001,6.2230544e-001
4.6100000e+000,6.8287031e-001,6.8287031e-001
4.6200000e+000,7.3906714e-001,7.3906714e-001
4.6300000e+000,7.9053646e-001,7.9053646e-001
4.6400000e+000,8.3694905e-001,8.3694905e-001
4.6500000e+000,8.7800802e-001,8.7800802e-001
4.6600000e+000,9.1345074e-001,9.1345074e-001
4.6700000e+000,9.4305048e-001,9.4305048e-001
4.6800000e+000,9.6661792e-001,9.6661792e-001
4.6900000e+000,9.8400231e-001,9.8400231e-001
4.7000000e+000,9.9509244e-001,9.9509244e-001
4.7100000e+000,9.9981737e-001,9.9981737e-001
4.7200000e+000,9.9814689e-001,9.9814689e-001
4.7300000e+000,9.9009167e-001,9.9009167e-001
4.7400000e+000,9.7570324e-001,9.7570324e-001
4.7500000e+000,9.5507364e-001,9.5507364e-001
4.7600000e+000,9.2833483e-001,9.2833483e-001
4.7700000e+000,8.9565785e-001,8.9565785e-001
4.7800000e+000,8.5725171e-001,8.5725171e-001
4.7900000e+000,8.1336209e-001,8.1336209e-001
4.8000000e+000,7.6426972e-001,7.6426972e-001
4.8100000e+000,7.1028864e-001,7.1028864e-001
4.8200000e+000,6.5176413e-001,6.5176413e-001
4.8300000e+000,5.8907055e-001,5.8907055e-001
4.8400000e+000,5.2260894e-001,5.2260894e-001
4.8500000e+000,4.5280441e-001,4.5280441e-001
4.8600000e+000,3.8010348e-001,3.8010348e-001
4.8700000e+000,3.0497118e-001,3.0497118e-001
4.8800000e+000,2.2788811e-001,2.2788811e-001
4.8900000e+000,1.4934733e-001,1.4934733e-001
4.9000000e+000,6.9851242e-002,6.9851242e-002
4.9100000e+000,-1.0091659e-002,-1.0091659e-002
4.9200000e+000,-8.9970007e-002,-8.9970007e-002
4.9300000e+000,-1.6927285e-001,-1.6927285e-001
4.9400000e+000,-2.4749293e-001,-2.4749293e-001
4.9500000e+000,-3.2412990e-001,-3.2412990e-001
4.9600000e+000,-3.9869355e-001,-3.9869355e-001
4.9700000e+000,-4.7070691e-001,-4.7070691e-001
4.9800000e+000,-5.3970936e-001,-5.3970936e-001
4.9900000e+000,-6.0525951e-001,-6.0525951e-001
5.0000000e+000,-6.6693806e-001,-6.6693806e-001
5.0100000e+000,-7.2435049e-001,-7.2435049e-001
5.0200000e+000,-7.7712954e-001,-7.7712954e-001
5.0300000e+000,-8.2493762e-001,-8.2493762e-001
5.0400000e+000,-8.6746891e-001,-8.6746891e-001
5.0500000e+000,-9.0445137e-001,-9.0445137e-001
5.0600000e+000,-9.3564842e-001,-9.3564842e-001
5.0700000e+000,-9.6086051e-001,-9.6086051e-001
5.0800000e+000,-9.7992637e-001,-9.7992637e-001
5.0900000e+000,-9.9272405e-001,-9.9272405e-001
5.1000000e+000,-9.9917169e-001,-9.9917169e-001
5.1100000e+000,-9.9922803e-001,-9.9922803e-001
5.1200000e+000,-9.9289273e-001,-9.9289273e-001
5.1300000e+000,-9.8020630e-001,-9.8020630e-001
5.1400000e+000,-9.6124989e-001,-9.6124989e-001
5.1500000e+000,-9.3614477e-001,-9.3614477e-001
5.1600000e+000,-9.0505151e-001,-9.0505151e-001
5.1700000e+000,-8.6816901e-001,-8.6816901e-001
5.1800000e+000,-8.2573320e-001,-8.2573320e-001
5.1900000e+000,-7.7801551e-001,-7.7801551e-001
5.2000000e+000,-7.2532117e-001,-7.2532117e-001
5.2100000e+000,-6.6798726e-001,-6.6798726e-001
5.2200000e+000,-6.0638050e-001,-6.0638050e-001
5.2300000e+000,-5.4089499e-001,-5.4089499e-001
5.2400000e+000,-4.7194958e-001,-4.7194958e-001
5.2500000e+000,-3.9998531e-001,-3.9998531e-001
5.2600000e+000,-3.2546251e-001,-3.2546251e-001
5.2700000e+000,-2.4885785e-001,-2.4885785e-001
5.2800000e+000,-1.7066135e-001,-1.7066135e-001
5.2900000e+000,-9.1373197e-002,-9.1373197e-002
5.3000000e+000,-1.1500570e-002,-1.1500570e-002
5.3100000e+000,6.8445621e-002,6.8445621e-002
5.3200000e+000,1.4795399e-001,1.4795399e-001
5.3300000e+000,2.2651597e-001,2.2651597e-001
5.3400000e+000,3.0362901e-001,3.0362901e-001
5.3500000e+000,3.7879986e-001,3.7879986e-001
5.3600000e+000,4.5154769e-001,4.5154769e-001
5.3700000e+000,5.2140715e-001,5.2140715e-001
5.3800000e+000,5.8793139e-001,5.8793139e-001
5.3900000e+000,6.5069487e-001,6.5069487e-001
5.4000000e+000,7.0929613e-001,7.0929613e-001
5.4100000e+000,7.6336031e-001,7.6336031e-001
5.4200000e+000,8.1254159e-001,8.1254159e-001
5.4300000e+000,8.5652537e-001,8.5652537e-001
5.4400000e+000,8.9503032e-001,8.9503032e-001
5.4500000e+000,9.2781013e-001,9.2781013e-001
5.4600000e+000,9.5465511e-001,9.5465511e-001
5.4700000e+000,9.7539357e-001,9.7539357e-001
5.4800000e+000,9.8989283e-001,9.8989283e-001
5.4900000e+000,9.9806016e-001,9.9806016e-001
5.5000000e+000,9.9984331e-001,9.9984331e-001
5.5100000e+000,9.9523087e-001,9.9523087e-001
5.5200000e+000,9.8425235e-001,9.8425235e-001
5.5300000e+000,9.6697798e-001,9.6697798e-001
5.5400000e+000,9.4351825e-001,9.4351825e-001
5.5500000e+000,9.1402322e-001,9.1402322e-001
5.5600000e+000,8.7868156e-001,8.7868156e-001
5.5700000e+000,8.3771934e-001,8.3771934e-001
5.5800000e+000,7.9139857e-001,7.9139857e-001
5.5900000e+000,7.4001555e-001,7.4001555e-001
5.6000000e+000,6.8389896e-001,6.8389896e-001
5.6100000e+000,6.2340775e-001,6.2340775e-001
5.6200000e+000,5.5892885e-001,5.5892885e-001
5.6300000e+000,4.9087472e-001,4.9087472e-001
5.6400000e+000,4.1968067e-001,4.1968067e-001
5.6500000e+000,3.4580209e-001,3.4580209e-001
5.6600000e+000,2.6971156e-001,2.6971156e-001
5.6700000e+000,1.9189579e-001,1.9189579e-001
5.6800000e+000,1.1285255e-001,1.1285255e-001
5.6900000e+000,3.3087437e-002,3.3087437e-002
5.7000000e+000,-4.6889324e-002,-4.6889324e-002
5.7100000e+000,-1.2656615e-001,-1.2656615e-001
5.7200000e+000,-2.0543339e-001,-2.0543339e-001
5.7300000e+000,-2.8298656e-001,-2.8298656e-001
5.7400000e+000,-3.5872957e-001,-3.5872957e-001
5.7500000e+000,-4.3217794e-001,-4.3217794e-001
5.7600000e+000,-5.0286185e-001,-5.0286185e-001
5.7700000e+000,-5.7032916e-001,-5.7032916e-001
5.7800000e+000,-6.3414831e-001,-6.3414831e-001
5.7900000e+000,-6.9391107e-001,-6.9391107e-001
5.8000000e+000,-7.4923517e-001,-7.4923517e-001
5.8100000e+000,-7.9976672e-001,-7.9976672e-001
5.8200000e+000,-8.4518250e-001,-8.4518250e-001
5.8300000e+000,-8.8519199e-001,-8.8519199e-001
5.8400000e+000,-9.1953927e-001,-9.1953927e-001
5.8500000e+000,-9.4800464e-001,-9.4800464e-001
5.8600000e+000,-9.7040601e-001,-9.7040601e-001
5.8700000e+000,-9.8660010e-001,-9.8660010e-001
5.8800000e+000,-9.9648331e-001,-9.9648331e-001
5.8900000e+000,-9.9999243e-001,-9.9999243e-001
5.9000000e+000,-9.9710502e-001,-9.9710502e-001
5.9100000e+000,-9.8783953e-001,-9.8783953e-001
5.9200000e+000,-9.7225524e-001,-9.7225524e-001
5.9300000e+000,-9.5045184e-001,-9.5045184e-001
5.9400000e+000,-9.2256878e-001,-9.2256878e-001
5.9500000e+000,-8.8878444e-001,-8.8878444e-001
5.9600000e+000,-8.4931491e-001,-8.4931491e-001
5.9700000e+000,-8.0441266e-001,-8.0441266e-001
5.9800000e+000,-7.5436491e-001,-7.5436491e-001
5.9900000e+000,-6.9949181e-001,-6.9949181e-001
6.0000000e+000,-6.4014434e-001,-6.4014434e-001
6.0100000e+000,-5.7670213e-001,-5.7670213e-001
6.0200000e+000,-5.0957100e-001,-5.0957100e-001
6.0300000e+000,-4.3918036e-001,-4.3918036e-001
6.0400000e+000,-3.6598045e-001,-3.6598045e-001
6.0500000e+000,-2.9043952e-001,-2.9043952e-001
6.0600000e+000,-2.1304077e-001,-2.1304077e-001
6.0700000e+000,-1.3427929e-001,-1.3427929e-001
6.0800000e+000,-5.4658878e-002,-5.4658878e-002
6.0900000e+000,2.5311166e-002,2.5311166e-002
6.1000000e+000,1.0511930e-001,1.0511930e-001
6.1100000e+000,1.8425504e-001,1.8425504e-001
6.1200000e+000,2.6221217e-001,2.6221217e-001
6.1300000e+000,3.3849204e-001,3.3849204e-001
6.1400000e+000,4.1260671e-001,4.1260671e-001
6.1500000e+000,4.8408211e-001,4.8408211e-001
6.1600000e+000,5.5246103e-001,5.5246103e-001
6.1700000e+000,6.1730609e-001,6.1730609e-001
6.1800000e+000,6.7820250e-001,6.7820250e-001
6.1900000e+000,7.3476072e-001,7.3476072e-001
6.2000000e+000,7.8661899e-001,7.8661899e-001
6.2100000e+000,8.3344558e-001,8.3344558e-001
6.2200000e+000,8.7494096e-001,8.7494096e-001
6.2300000e+000,9.1083970e-001,9.1083970e-001
6.2400000e+000,9.4091218e-001,9.4091218e-001
6.2500000e+000,9.6496603e-001,9.6496603e-001
6.2600000e+000,9.8284739e-001,9.8284739e-001
6.2700000e+000,9.9444188e-001,9.9444188e-001
6.2800000e+000,9.9967534e-001,9.9967534e-001
6.2900000e+000,9.9851429e-001,9.9851429e-001
6.3000000e+000,9.9096615e-001,9.9096615e-001
6.3100000e+000,9.7707921e-001,9.7707921e-001
6.3200000e+000,9.5694230e-001,9.5694230e-001
6.3300000e+000,9.3068422e-001,9.3068422e-001
6.3400000e+000,8.9847295e-001,8.9847295e-001
6.3500000e+000,8.6051451e-001,8.6051451e-001
6.3600000e+000,8.1705171e-001,8.1705171e-001
6.3700000e+000,7.6836257e-001,7.6836257e-001
6.3800000e+000,7.1475853e-001,7.1475853e-001
6.3900000e+000,6.5658248e-001,6.5658248e-001
6.4000000e+000,5.9420654e-001,5.9420654e-001
6.4100000e+000,5.2802971e-001,5.2802971e-001
6.4200000e+000,4.5847529e-001,4.5847529e-001
6.4300000e+000,3.8598819e-001,3.8598819e-001
6.4400000e+000,3.1103208e-001,3.1103208e-001
6.4500000e+000,2.3408643e-001,2.3408643e-001
6.4600000e+000,1.5564343e-001,1.5564343e-001
6.4700000e+000,7.6204835e-002,7.6204835e-002
6.4800000e+000,-3.7212072e-003,-3.7212072e-003
6.4900000e+000,-8.3623446e-002,-8.3623446e-002
6.5000000e+000,-1.6299078e-001,-1.6299078e-001
6.5100000e+000,-2.4131553e-001,-2.4131553e-001
6.5200000e+000,-3.1809668e-001,-3.1809668e-001
6.5300000e+000,-3.9284310e-001,-3.9284310e-001
6.5400000e+000,-4.6507667e-001,-4.6507667e-001
6.5500000e+000,-5.3433533e-001,-5.3433533e-001
6.5600000e+000,-6.0017607e-001,-6.0017607e-001
6.5700000e+000,-6.6217773e-001,-6.6217773e-001
6.5800000e+000,-7.1994371e-001,-7.1994371e-001
6.5900000e+000,-7.7310451e-001,-7.7310451e-001
6.6000000e+000,-8.2132008e-001,-8.2132008e-001
6.6100000e+000,-8.6428201e-001,-8.6428201e-001
6.6200000e+000,-9.0171547e-001,-9.0171547e-001
6.6300000e+000,-9.3338104e-001,-9.3338104e-001
6.6400000e+000,-9.5907615e-001,-9.5907615e-001
6.6500000e+000,-9.7863645e-001,-9.7863645e-001
6.6600000e+000,-9.9193682e-001,-9.9193682e-001
6.6700000e+000,-9.9889217e-001,-9.9889217e-001
6.6800000e+000,-9.9945802e-001,-9.9945802e-001
6.6900000e+000,-9.9363076e-001,-9.9363076e-001
6.7000000e+000,-9.8144764e-001,-9.8144764e-001
6.7100000e+000,-9.6298662e-001,-9.6298662e-001
6.7200000e+000,-9.3836576e-001,-9.3836576e-001
6.7300000e+000,-9.0774256e-001,-9.0774256e-001
6.7400000e+000,-8.7131291e-001,-8.7131291e-001
6.7500000e+000,-8.2930983e-001,-8.2930983e-001
6.7600000e+000,-7.8200200e-001,-7.8200200e-001
6.7700000e+000,-7.2969202e-001,-7.2969202e-001
6.7800000e+000,-6.7271451e-001,-6.7271451e-001
6.7900000e+000,-6.1143392e-001,-6.1143392e-001
6.8000000e+000,-5.4624223e-001,-5.4624223e-001
6.8100000e+000,-4.7755646e-001,-4.7755646e-001
6.8200000e+000,-4.0581596e-001,-4.0581596e-001
6.8300000e+000,-3.3147963e-001,-3.3147963e-001
6.8400000e+000,-2.5502295e-001,-2.5502295e-001
6.8500000e+000,-1.7693500e-001,-1.7693500e-001
6.8600000e+000,-9.7715264e-002,-9.7715264e-002
6.8700000e+000,-1.7870487e-002,-1.7870487e-002
6.8800000e+000,6.2088601e-002,6.2088601e-002
6.8900000e+000,1.4165053e-001,1.4165053e-001
6.9000000e+000,2.2030639e-001,2.2030639e-001
6.9100000e+000,2.9755303e-001,2.9755303e-001
6.9200000e+000,3.7289635e-001,3.7289635e-001
6.9300000e+000,4.4585440e-001,4.4585440e-001
6.9400000e+000,5.1596051e-001,5.1596051e-001
6.9500000e+000,5.8276623e-001,5.8276623e-001
6.9600000e+000,6.4584424e-001,6.4584424e-001
6.9700000e+000,7.0479105e-001,7.0479105e-001
6.9800000e+000,7.5922960e-001,7.5922960e-001
6.9900000e+000,8.0881167e-001,8.0881167e-001
7.0000000e+000,8.5322011e-001,8.5322011e-001
7.0100000e+000,8.9217085e-001,8.9217085e-001
7.0200000e+000,9.2541474e-001,9.2541474e-001
7.0300000e+000,9.5273913e-001,9.5273913e-001
7.0400000e+000,9.7396925e-001,9.7396925e-001
7.0500000e+000,9.8896929e-001,9.8896929e-001
7.0600000e+000,9.9764330e-001,9.9764330e-001
7.0700000e+000,9.9993579e-001,9.9993579e-001
7.0800000e+000,9.9583211e-001,9.9583211e-001
7.0900000e+000,9.8535850e-001,9.8535850e-001
7.1000000e+000,9.6858196e-001,9.6858196e-001
7.1100000e+000,9.4560980e-001,9.4560980e-001
7.1200000e+000,9.1658897e-001,9.1658897e-001
7.1300000e+000,8.8170509e-001,8.8170509e-001
7.1400000e+000,8.4118131e-001,8.4118131e-001
7.1500000e+000,7.9527684e-001,7.9527684e-001
7.1600000e+000,7.4428531e-001,7.4428531e-001
7.1700000e+000,6.8853290e-001,6.8853290e-001
7.1800000e+000,6.2837623e-001,6.2837623e-001
7.1900000e+000,5.6420009e-001,5.6420009e-001
7.2000000e+000,4.9641499e-001,4.9641499e-001
7.2100000e+000,4.2545454e-001,4.2545454e-001
7.2200000e+000,3.5177263e-001,3.5177263e-001
7.2300000e+000,2.7584057e-001,2.7584057e-001
7.2400000e+000,1.9814408e-001,1.9814408e-001
7.2500000e+000,1.1918014e-001,1.1918014e-001
7.2600000e+000,3.9453849e-002,3.9453849e-002
7.2700000e+000,-4.0524808e-002,-4.0524808e-002
7.2800000e+000,-1.2024424e-001,-1.2024424e-001
7.2900000e+000,-1.9919453e-001,-1.9919453e-001
7.3000000e+000,-2.7687065e-001,-2.7687065e-001
7.3100000e+000,-3.5277574e-001,-3.5277574e-001
7.3200000e+000,-4.2642427e-001,-4.2642427e-001
7.3300000e+000,-4.9734514e-001,-4.9734514e-001
7.3400000e+000,-5.6508470e-001,-5.6508470e-001
7.3500000e+000,-6.2920964e-001,-6.2920964e-001
7.3600000e+000,-6.8930979e-001,-6.8930979e-001
7.3700000e+000,-7.4500071e-001,-7.4500071e-001
7.3800000e+000,-7.9592617e-001,-7.9592617e-001
7.3900000e+000,-8.4176042e-001,-8.4176042e-001
7.4000000e+000,-8.8221027e-001,-8.8221027e-001
7.4100000e+000,-9.1701699e-001,-9.1701699e-001
7.4200000e+000,-9.4595792e-001,-9.4595792e-001
7.4300000e+000,-9.6884796e-001,-9.6884796e-001
7.4400000e+000,-9.8554068e-001,-9.8554068e-001
7.4500000e+000,-9.9592929e-001,-9.9592929e-001
7.4600000e+000,-9.9994736e-001,-9.9994736e-001
7.4700000e+000,-9.9756918e-001,-9.9756918e-001
7.4800000e+000,-9.8880996e-001,-9.8880996e-001
7.4900000e+000,-9.7372573e-001,-9.7372573e-001
7.5000000e+000,-9.5241298e-001,-9.5241298e-001
7.5100000e+000,-9.2500804e-001,-9.2500804e-001
7.5200000e+000,-8.9168620e-001,-8.9168620e-001
7.5300000e+000,-8.5266061e-001,-8.5266061e-001
7.5400000e+000,-8.0818090e-001,-8.0818090e-001
7.5500000e+000,-7.5853160e-001,-7.5853160e-001
7.5600000e+000,-7.0403028e-001,-7.0403028e-001
7.5700000e+000,-6.4502557e-001,-6.4502557e-001
7.5800000e+000,-5.8189490e-001,-5.8189490e-001
7.5900000e+000,-5.1504208e-001,-5.1504208e-001
7.6000000e+000,-4.4489476e-001,-4.4489476e-001
7.6100000e+000,-3.7190162e-001,-3.7190162e-001
7.6200000e+000,-2.9652959e-001,-2.9652959e-001
7.6300000e+000,-2.1926078e-001,-2.1926078e-001
7.6400000e+000,-1.4058944e-001,-1.4058944e-001
7.6500000e+000,-6.1018816e-002,-6.1018816e-002
7.6600000e+000,1.8942122e-002,1.8942122e-002
7.6700000e+000,9.8781895e-002,9.8781895e-002
7.6800000e+000,1.7798980e-001,1.7798980e-001
7.6900000e+000,2.5605918e-001,2.5605918e-001
7.7000000e+000,3.3249065e-001,3.3249065e-001
7.7100000e+000,4.0679532e-001,4.0679532e-001
7.7200000e+000,4.7849789e-001,4.7849789e-001
7.7300000e+000,5.4713970e-001,5.4713970e-001
7.7400000e+000,6.1228169e-001,6.1228169e-001
7.7500000e+000,6.7350716e-001,6.7350716e-001
7.7600000e+000,7.3042449e-001,7.3042449e-001
7.7700000e+000,7.8266959e-001,7.8266959e-001
7.7800000e+000,8.2990828e-001,8.2990828e-001
7.7900000e+000,8.7183838e-001,8.7183838e-001
7.8000000e+000,9.0819170e-001,9.0819170e-001
7.8100000e+000,9.3873569e-001,9.3873569e-001
7.8200000e+000,9.6327497e-001,9.6327497e-001
7.8300000e+000,9.8165258e-001,9.8165258e-001
7.8400000e+000,9.9375096e-001,9.9375096e-001
7.8500000e+000,9.9949273e-001,9.9949273e-001
7.8600000e+000,9.9884116e-001,9.9884116e-001
7.8700000e+000,9.9180041e-001,9.9180041e-001
7.8800000e+000,9.7841553e-001,9.7841553e-001
7.8900000e+000,9.5877212e-001,9.5877212e-001
7.9000000e+000,9.3299584e-001,9.3299584e-001
7.9100000e+000,9.0125158e-001,9.0125158e-001
7.9200000e+000,8.6374238e-001,8.6374238e-001
7.9300000e+000,8.2070817e-001,8.2070817e-001
7.9400000e+000,7.7242424e-001,7.7242424e-001
7.9500000e+000,7.1919942e-001,7.1919942e-001
7.9600000e+000,6.6137419e-001,6.6137419e-001
7.9700000e+000,5.9931841e-001,5.9931841e-001
7.9800000e+000,5.3342905e-001,5.3342905e-001
7.9900000e+000,4.6412756e-001,4.6412756e-001
8.0000000e+000,3.9185723e-001,3.9185723e-001
8.0100000e+000,3.1708036e-001,3.1708036e-001
8.0200000e+000,2.4027525e-001,2.4027525e-001
8.0300000e+000,1.6193320e-001,1.6193320e-001
8.0400000e+000,8.2555335e-002,8.2555335e-002
8.0500000e+000,2.6493955e-003,2.6493955e-003
8.0600000e+000,-7.7273492e-002,-7.7273492e-002
8.0700000e+000,-1.5670209e-001,-1.5670209e-001
8.0800000e+000,-2.3512833e-001,-2.3512833e-001
8.0900000e+000,-3.1205056e-001,-3.1205056e-001
8.1000000e+000,-3.8697672e-001,-3.8697672e-001
8.1100000e+000,-4.5942755e-001,-4.5942755e-001
8.1200000e+000,-5.2893962e-001,-5.2893962e-001
8.1300000e+000,-5.9506828e-001,-5.9506828e-001
8.1400000e+000,-6.5739053e-001,-6.5739053e-001
8.1500000e+000,-7.1550772e-001,-7.1550772e-001
8.1600000e+000,-7.6904811e-001,-7.6904811e-001
8.1700000e+000,-8.1766921e-001,-8.1766921e-001
8.1800000e+000,-8.6106002e-001,-8.6106002e-001
8.1900000e+000,-8.9894299e-001,-8.9894299e-001
8.2000000e+000,-9.3107579e-001,-9.3107579e-001
8.2100000e+000,-9.5725288e-001,-9.5725288e-001
8.2200000e+000,-9.7730681e-001,-9.7730681e-001
8.2300000e+000,-9.9110932e-001,-9.9110932e-001
8.2400000e+000,-9.9857212e-001,-9.9857212e-001
8.2500000e+000,-9.9964746e-001,-9.9964746e-001
8.2600000e+000,-9.9432846e-001,-9.9432846e-001
8.2700000e+000,-9.8264916e-001,-9.8264916e-001
8.2800000e+000,-9.6468426e-001,-9.6468426e-001
8.2900000e+000,-9.4054867e-001,-9.4054867e-001
8.3000000e+000,-9.1039677e-001,-9.1039677e-001
8.3100000e+000,-8.7442145e-001,-8.7442145e-001
8.3200000e+000,-8.3285281e-001,-8.3285281e-001
8.3300000e+000,-7.8595676e-001,-7.8595676e-001
8.3400000e+000,-7.3403326e-001,-7.3403326e-001
8.3500000e+000,-6.7741446e-001,-6.7741446e-001
8.3600000e+000,-6.1646251e-001,-6.1646251e-001
8.3700000e+000,-5.5156731e-001,-5.5156731e-001
8.3800000e+000,-4.8314396e-001,-4.8314396e-001
8.3900000e+000,-4.1163014e-001,-4.1163014e-001
8.4000000e+000,-3.3748329e-001,-3.3748329e-001
8.4100000e+000,-2.6117770e-001,-2.6117770e-001
8.4200000e+000,-1.8320147e-001,-1.8320147e-001
8.4300000e+000,-1.0405337e-001,-1.0405337e-001
8.4400000e+000,-2.4239678e-002,-2.4239678e-002
8.4500000e+000,5.5729061e-002,5.5729061e-002
8.4600000e+000,1.3534132e-001,1.3534132e-001
8.4700000e+000,2.1408786e-001,2.1408786e-001
8.4800000e+000,2.9146497e-001,2.9146497e-001
8.4900000e+000,3.6697770e-001,3.6697770e-001
8.5000000e+000,4.4014302e-001,4.4014302e-001
8.5100000e+000,5.1049293e-001,5.1049293e-001
8.5200000e+000,5.7757743e-001,5.7757743e-001
8.5300000e+000,6.4096740e-001,6.4096740e-001
8.5400000e+000,7.0025737e-001,7.0025737e-001
8.5500000e+000,7.5506808e-001,7.5506808e-001
8.5600000e+000,8.0504893e-001,8.0504893e-001
8.5700000e+000,8.4988022e-001,8.4988022e-001
8.5800000e+000,8.8927517e-001,8.8927517e-001
8.5900000e+000,9.2298180e-001,9.2298180e-001
8.6000000e+000,9.5078449e-001,9.5078449e-001
8.6100000e+000,9.7250540e-001,9.7250540e-001
8.6200000e+000,9.8800561e-001,9.8800561e-001
8.6300000e+000,9.9718594e-001,9.9718594e-001
8.6400000e+000,9.9998769e-001,9.9998769e-001
8.6500000e+000,9.9639293e-001,9.9639293e-001
8.6600000e+000,9.8642466e-001,9.8642466e-001
8.6700000e+000,9.7014663e-001,9.7014663e-001
8.6800000e+000,9.4766298e-001,9.4766298e-001
8.6900000e+000,9.1911752e-001,9.1911752e-001
8.7000000e+000,8.8469284e-001,8.8469284e-001
8.7100000e+000,8.4460915e-001,8.4460915e-001
8.7200000e+000,7.9912284e-001,7.9912284e-001
8.7300000e+000,7.4852487e-001,7.4852487e-001
8.7400000e+000,6.9313890e-001,6.9313890e-001
8.7500000e+000,6.3331920e-001,6.3331920e-001
8.7600000e+000,5.6944843e-001,5.6944843e-001
8.7700000e+000,5.0193512e-001,5.0193512e-001
8.7800000e+000,4.3121114e-001,4.3121114e-001
8.7900000e+000,3.5772889e-001,3.5772889e-001
8.8000000e+000,2.8195839e-001,2.8195839e-001
8.8100000e+000,2.0438432e-001,2.0438432e-001
8.8200000e+000,1.2550288e-001,1.2550288e-001
8.8300000e+000,4.5818659e-002,4.5818659e-002
8.8400000e+000,-3.4158648e-002,-3.4158648e-002
8.8500000e+000,-1.1391746e-001,-1.1391746e-001
8.8600000e+000,-1.9294758e-001,-1.9294758e-001
8.8700000e+000,-2.7074350e-001,-2.7074350e-001
8.8800000e+000,-3.4680759e-001,-3.4680759e-001
8.8900000e+000,-4.2065328e-001,-4.2065328e-001
8.9000000e+000,-4.9180824e-001,-4.9180824e-001
8.9100000e+000,-5.5981730e-001,-5.5981730e-001
8.9200000e+000,-6.2424544e-001,-6.2424544e-001
8.9300000e+000,-6.8468054e-001,-6.8468054e-001
8.9400000e+000,-7.4073602e-001,-7.4073602e-001
8.9500000e+000,-7.9205332e-001,-7.9205332e-001
8.9600000e+000,-8.3830417e-001,-8.3830417e-001
8.9700000e+000,-8.7919275e-001,-8.7919275e-001
8.9800000e+000,-9.1445749e-001,-9.1445749e-001
8.9900000e+000,-9.4387282e-001,-9.4387282e-001
9.0000000e+000,-9.6725059e-001,-9.6725059e-001
9.0100000e+000,-9.8444125e-001,-9.8444125e-001
9.0200000e+000,-9.9533485e-001,-9.9533485e-001
9.0300000e+000,-9.9986171e-001,-9.9986171e-001
9.0400000e+000,-9.9799286e-001,-9.9799286e-001
9.0500000e+000,-9.8974026e-001,-9.8974026e-001
9.0600000e+000,-9.7515670e-001,-9.7515670e-001
9.0700000e+000,-9.5433547e-001,-9.5433547e-001
9.0800000e+000,-9.2740975e-001,-9.2740975e-001
9.0900000e+000,-8.9455177e-001,-8.9455177e-001
9.1000000e+000,-8.5597171e-001,-8.5597171e-001
9.1100000e+000,-8.1191635e-001,-8.1191635e-001
9.1200000e+000,-7.6266750e-001,-7.6266750e-001
9.1300000e+000,-7.0854018e-001,-7.0854018e-001
9.1400000e+000,-6.4988062e-001,-6.4988062e-001
9.1500000e+000,-5.8706405e-001,-5.8706405e-001
9.1600000e+000,-5.2049226e-001,-5.2049226e-001
9.1700000e+000,-4.5059110e-001,-4.5059110e-001
9.1800000e+000,-3.7780770e-001,-3.7780770e-001
9.1900000e+000,-3.0260762e-001,-3.0260762e-001
9.2000000e+000,-2.2547188e-001,-2.2547188e-001
9.2100000e+000,-1.4689389e-001,-1.4689389e-001
9.2200000e+000,-6.7376278e-002,-6.7376278e-002
9.2300000e+000,1.2572309e-002,1.2572309e-002
9.2400000e+000,9.2440477e-002,9.2440477e-002
9.2500000e+000,1.7171734e-001,1.7171734e-001
9.2600000e+000,2.4989580e-001,2.4989580e-001
9.2700000e+000,3.2647578e-001,3.2647578e-001
9.2800000e+000,4.0096743e-001,4.0096743e-001
9.2900000e+000,4.7289425e-001,4.7289425e-001
9.3000000e+000,5.4179617e-001,5.4179617e-001
9.3100000e+000,6.0723244e-001,6.0723244e-001
9.3200000e+000,6.6878449e-001,6.6878449e-001
9.3300000e+000,7.2605861e-001,7.2605861e-001
9.3400000e+000,7.7868843e-001,7.7868843e-001
9.3500000e+000,8.2633729e-001,8.2633729e-001
9.3600000e+000,8.6870043e-001,8.6870043e-001
9.3700000e+000,9.0550684e-001,9.0550684e-001
9.3800000e+000,9.3652110e-001,9.3652110e-001
9.3900000e+000,9.6154482e-001,9.6154482e-001
9.4000000e+000,9.8041793e-001,9.8041793e-001
9.4100000e+000,9.9301972e-001,9.9301972e-001
9.4200000e+000,9.9926956e-001,9.9926956e-001
9.4300000e+000,9.9912750e-001,9.9912750e-001
9.4400000e+000,9.9259442e-001,9.9259442e-001
9.4500000e+000,9.7971213e-001,9.7971213e-001
9.4600000e+000,9.6056303e-001,9.6056303e-001
9.4700000e+000,9.3526960e-001,9.3526960e-001
9.4800000e+000,9.0399363e-001,9.0399363e-001
9.4900000e+000,8.6693520e-001,8.6693520e-001
9.5000000e+000,8.2433133e-001,8.2433133e-001
9.5100000e+000,7.7645456e-001,7.7645456e-001
9.5200000e+000,7.2361113e-001,7.2361113e-001
9.5300000e+000,6.6613905e-001,6.6613905e-001
9.5400000e+000,6.0440596e-001,6.0440596e-001
9.5500000e+000,5.3880674e-001,5.3880674e-001
9.5600000e+000,4.6976099e-001,4.6976099e-001
9.5700000e+000,3.9771037e-001,3.9771037e-001
9.5800000e+000,3.2311576e-001,3.2311576e-001
9.5900000e+000,2.4645432e-001,2.4645432e-001
9.6000000e+000,1.6821641e-001,1.6821641e-001
9.6100000e+000,8.8902485e-002,8.8902485e-002
9.6200000e+000,9.0198906e-003,9.0198906e-003
9.6300000e+000,-7.0920401e-002,-7.0920401e-002
9.6400000e+000,-1.5040704e-001,-1.5040704e-001
9.6500000e+000,-2.2893159e-001,-2.2893159e-001
9.6600000e+000,-3.0599176e-001,-3.0599176e-001
9.6700000e+000,-3.8109463e-001,-3.8109463e-001
9.6800000e+000,-4.5375979e-001,-4.5375979e-001
9.6900000e+000,-5.2352244e-001,-5.2352244e-001
9.7000000e+000,-5.8993633e-001,-5.8993633e-001
9.7100000e+000,-6.5257664e-001,-6.5257664e-001
9.7200000e+000,-7.1104269e-001,-7.1104269e-001
9.7300000e+000,-7.6496049e-001,-7.6496049e-001
9.7400000e+000,-8.1398516e-001,-8.1398516e-001
9.7500000e+000,-8.5780309e-001,-8.5780309e-001
9.7600000e+000,-8.9613402e-001,-8.9613402e-001
9.7700000e+000,-9.2873274e-001,-9.2873274e-001
9.7800000e+000,-9.5539075e-001,-9.5539075e-001
9.7900000e+000,-9.7593751e-001,-9.7593751e-001
9.8000000e+000,-9.9024161e-001,-9.9024161e-001
9.8100000e+000,-9.9821154e-001,-9.9821154e-001
9.8200000e+000,-9.9979632e-001,-9.9979632e-001
9.8300000e+000,-9.9498581e-001,-9.9498581e-001
9.8400000e+000,-9.8381080e-001,-9.8381080e-001
9.8500000e+000,-9.6634275e-001,-9.6634275e-001
9.8600000e+000,-9.4269340e-001,-9.4269340e-001
9.8700000e+000,-9.1301404e-001,-9.1301404e-001
9.8800000e+000,-8.7749450e-001,-8.7749450e-001
9.8900000e+000,-8.3636199e-001,-8.3636199e-001
9.9000000e+000,-7.8987961e-001,-7.8987961e-001
9.9100000e+000,-7.3834471e-001,-7.3834471e-001
9.9200000e+000,-6.8208691e-001,-6.8208691e-001
9.9300000e+000,-6.2146609e-001,-6.2146609e-001
9.9400000e+000,-5.5687001e-001,-5.5687001e-001
9.9500000e+000,-4.8871186e-001,-4.8871186e-001
9.9600000e+000,-4.1742762e-001,-4.1742762e-001
9.9700000e+000,-3.4347327e-001,-3.4347327e-001
9.9800000e+000,-2.6732186e-001,-2.6732186e-001
9.9900000e+000,-1.8946050e-001,-1.8946050e-001
1.0000000e+001,-1.1038724e-001,-1.1038724e-001
