0,0,0
0.01,0.01,0.005
0.02,0.02,0.01
0.03,0.03,0.015
0.04,0.04,0.02
0.05,0.05,0.025
0.06,0.06,0.03
0.07,0.07,0.035
0.08,0.08,0.04
0.09,0.09,0.045
0.1,0.1,0.05
0.11,0.11,0.055
0.12,0.12,0.06
0.13,0.13,0.065
0.14,0.14,0.07
0.15,0.15,0.075
0.16,0.16,0.08
0.17,0.17,0.085
0.18,0.18,0.09
0.19,0.19,0.095
0.2,0.2,0.1
0.21,0.21,0.105
0.22,0.22,0.11
0.23,0.23,0.115
0.24,0.24,0.12
0.25,0.25,0.125
0.26,0.26,0.13
0.27,0.27,0.135
0.28,0.28,0.14
0.29,0.29,0.145
0.3,0.3,0.15
0.31,0.31,0.155
0.32,0.32,0.16
0.33,0.33,0.165
0.34,0.34,0.17
0.35,0.35,0.175
0.36,0.36,0.18
0.37,0.37,0.185
0.38,0.38,0.19
0.39,0.39,0.195
0.4,0.4,0.2
0.41,0.41,0.205
0.42,0.42,0.21
0.43,0.43,0.215
0.44,0.44,0.22
0.45,0.45,0.225
0.46,0.46,0.23
0.47,0.47,0.235
0.48,0.48,0.24
0.49,0.49,0.245
0.5,0.5,0.25
0.51,0.51,0.255
0.52,0.52,0.26
0.53,0.53,0.265
0.54,0.54,0.27
0.55,0.55,0.275
0.56,0.56,0.28
0.57,0.57,0.285
0.58,0.58,0.29
0.59,0.59,0.295
0.6,0.6,0.3
0.61,0.61,0.305
0.62,0.62,0.31
0.63,0.63,0.315
0.64,0.64,0.32
0.65,0.65,0.325
0.66,0.66,0.33
0.67,0.67,0.335
0.68,0.68,0.34
0.69,0.69,0.345
0.7,0.7,0.35
0.71,0.71,0.355
0.72,0.72,0.36
0.73,0.73,0.365
0.74,0.74,0.37
0.75,0.75,0.375
0.76,0.76,0.38
0.77,0.77,0.385
0.78,0.78,0.39
0.79,0.79,0.395
0.8,0.8,0.4
0.81,0.81,0.405
0.82,0.82,0.41
0.83,0.83,0.415
0.84,0.84,0.42
0.85,0.85,0.425
0.86,0.86,0.43
0.87,0.87,0.435
0.88,0.88,0.44
0.89,0.89,0.445
0.9,0.9,0.45
0.91,0.91,0.455
0.92,0.92,0.46
0.93,0.93,0.465
0.94,0.94,0.47
0.95,0.95,0.475
0.96,0.96,0.48
0.97,0.97,0.485
0.98,0.98,0.49
0.99,0.99,0.495
1,1,0.5
1.01,1.01,0.505
1.02,1.02,0.51
1.03,1.03,0.515
1.04,1.04,0.52
1.05,1.05,0.525
1.06,1.06,0.53
1.07,1.07,0.535
1.08,1.08,0.54
1.09,1.09,0.545
1.1,1.1,0.55
1.11,1.11,0.555
1.12,1.12,0.56
1.13,1.13,0.565
1.14,1.14,0.57
1.15,1.15,0.575
1.16,1.16,0.58
1.17,1.17,0.585
1.18,1.18,0.59
1.19,1.19,0.595
1.2,1.2,0.6
1.21,1.21,0.605
1.22,1.22,0.61
1.23,1.23,0.615
1.24,1.24,0.62
1.25,1.25,0.625
1.26,1.26,0.63
1.27,1.27,0.635
1.28,1.28,0.64
1.29,1.29,0.645
1.3,1.3,0.65
1.31,1.31,0.655
1.32,1.32,0.66
1.33,1.33,0.665
1.34,1.34,0.67
1.35,1.35,0.675
1.36,1.36,0.68
1.37,1.37,0.685
1.38,1.38,0.69
1.39,1.39,0.695
1.4,1.4,0.7
1.41,1.41,0.705
1.42,1.42,0.71
1.43,1.43,0.715
1.44,1.44,0.72
1.45,1.45,0.725
1.46,1.46,0.73
1.47,1.47,0.735
1.48,1.48,0.74
1.49,1.49,0.745
1.5,1.5,0.75
1.51,1.51,0.755
1.52,1.52,0.76
1.53,1.53,0.765
1.54,1.54,0.77
1.55,1.55,0.775
1.56,1.56,0.78
1.57,1.57,0.785
1.58,1.58,0.79
1.59,1.59,0.795
1.6,1.6,0.8
1.61,1.61,0.805
1.62,1.62,0.81
1.63,1.63,0.815
1.64,1.64,0.82
1.65,1.65,0.825
1.66,1.66,0.83
1.67,1.67,0.835
1.68,1.68,0.84
1.69,1.69,0.845
1.7,1.7,0.85
1.71,1.71,0.855
1.72,1.72,0.86
1.73,1.73,0.865
1.74,1.74,0.87
1.75,1.75,0.875
1.76,1.76,0.88
1.77,1.77,0.885
1.78,1.78,0.89
1.79,1.79,0.895
1.8,1.8,0.9
1.81,1.81,0.905
1.82,1.82,0.91
1.83,1.83,0.915
1.84,1.84,0.92
1.85,1.85,0.925
1.86,1.86,0.93
1.87,1.87,0.935
1.88,1.88,0.94
1.89,1.89,0.945
1.9,1.9,0.95
1.91,1.91,0.955
1.92,1.92,0.96
1.93,1.93,0.965
1.94,1.94,0.97
1.95,1.95,0.975
1.96,1.96,0.98
1.97,1.97,0.985
1.98,1.98,0.99
1.99,1.99,0.995
2,2,1
2.01,2.01,1.005
2.02,2.02,1.01
2.03,2.03,1.015
2.04,2.04,1.02
2.05,2.05,1.025
2.06,2.06,1.03
2.07,2.07,1.035
2.08,2.08,1.04
2.09,2.09,1.045
2.1,2.1,1.05
2.11,2.11,1.055
2.12,2.12,1.06
2.13,2.13,1.065
2.14,2.14,1.07
2.15,2.15,1.075
2.16,2.16,1.08
2.17,2.17,1.085
2.18,2.18,1.09
2.19,2.19,1.095
2.2,2.2,1.1
2.21,2.21,1.105
2.22,2.22,1.11
2.23,2.23,1.115
2.24,2.24,1.12
2.25,2.25,1.125
2.26,2.26,1.13
2.27,2.27,1.135
2.28,2.28,1.14
2.29,2.29,1.145
2.3,2.3,1.15
2.31,2.31,1.155
2.32,2.32,1.16
2.33,2.33,1.165
2.34,2.34,1.17
2.35,2.35,1.175
2.36,2.36,1.18
2.37,2.37,1.185
2.38,2.38,1.19
2.39,2.39,1.195
2.4,2.4,1.2
2.41,2.41,1.205
2.42,2.42,1.21
2.43,2.43,1.215
2.44,2.44,1.22
2.45,2.45,1.225
2.46,2.46,1.23
2.47,2.47,1.235
2.48,2.48,1.24
2.49,2.49,1.245
2.5,2.5,1.25
2.51,2.51,1.255
2.52,2.52,1.26
2.53,2.53,1.265
2.54,2.54,1.27
2.55,2.55,1.275
2.56,2.56,1.28
2.57,2.57,1.285
2.58,2.58,1.29
2.59,2.59,1.295
2.6,2.6,1.3
2.61,2.61,1.305
2.62,2.62,1.31
2.63,2.63,1.315
2.64,2.64,1.32
2.65,2.65,1.325
2.66,2.66,1.33
2.67,2.67,1.335
2.68,2.68,1.34
2.69,2.69,1.345
2.7,2.7,1.35
2.71,2.71,1.355
2.72,2.72,1.36
2.73,2.73,1.365
2.74,2.74,1.37
2.75,2.75,1.375
2.76,2.76,1.38
2.77,2.77,1.385
2.78,2.78,1.39
2.79,2.79,1.395
2.8,2.8,1.4
2.81,2.81,1.405
2.82,2.82,1.41
2.83,2.83,1.415
2.84,2.84,1.42
2.85,2.85,1.425
2.86,2.86,1.43
2.87,2.87,1.435
2.88,2.88,1.44
2.89,2.89,1.445
2.9,2.9,1.45
2.91,2.91,1.455
2.92,2.92,1.46
2.93,2.93,1.465
2.94,2.94,1.47
2.95,2.95,1.475
2.96,2.96,1.48
2.97,2.97,1.485
2.98,2.98,1.49
2.99,2.99,1.495
3,3,1.5
3.01,3.01,1.505
3.02,3.02,1.51
3.03,3.03,1.515
3.04,3.04,1.52
3.05,3.05,1.525
3.06,3.06,1.53
3.07,3.07,1.535
3.08,3.08,1.54
3.09,3.09,1.545
3.1,3.1,1.55
3.11,3.11,1.555
3.12,3.12,1.56
3.13,3.13,1.565
3.14,3.14,1.57
3.15,3.15,1.575
3.16,3.16,1.58
3.17,3.17,1.585
3.18,3.18,1.59
3.19,3.19,1.595
3.2,3.2,1.6
3.21,3.21,1.605
3.22,3.22,1.61
3.23,3.23,1.615
3.24,3.24,1.62
3.25,3.25,1.625
3.26,3.26,1.63
3.27,3.27,1.635
3.28,3.28,1.64
3.29,3.29,1.645
3.3,3.3,1.65
3.31,3.31,1.655
3.32,3.32,1.66
3.33,3.33,1.665
3.34,3.34,1.67
3.35,3.35,1.675
3.36,3.36,1.68
3.37,3.37,1.685
3.38,3.38,1.69
3.39,3.39,1.695
3.4,3.4,1.7
3.41,3.41,1.705
3.42,3.42,1.71
3.43,3.43,1.715
3.44,3.44,1.72
3.45,3.45,1.725
3.46,3.46,1.73
3.47,3.47,1.735
3.48,3.48,1.74
3.49,3.49,1.745
3.5,3.5,1.75
3.51,3.51,1.755
3.52,3.52,1.76
3.53,3.53,1.765
3.54,3.54,1.77
3.55,3.55,1.775
3.56,3.56,1.78
3.57,3.57,1.785
3.58,3.58,1.79
3.59,3.59,1.795
3.6,3.6,1.8
3.61,3.61,1.805
3.62,3.62,1.81
3.63,3.63,1.815
3.64,3.64,1.82
3.65,3.65,1.825
3.66,3.66,1.83
3.67,3.67,1.835
3.68,3.68,1.84
3.69,3.69,1.845
3.7,3.7,1.85
3.71,3.71,1.855
3.72,3.72,1.86
3.73,3.73,1.865
3.74,3.74,1.87
3.75,3.75,1.875
3.76,3.76,1.88
3.77,3.77,1.885
3.78,3.78,1.89
3.79,3.79,1.895
3.8,3.8,1.9
3.81,3.81,1.905
3.82,3.82,1.91
3.83,3.83,1.915
3.84,3.84,1.92
3.85,3.85,1.925
3.86,3.86,1.93
3.87,3.87,1.935
3.88,3.88,1.94
3.89,3.89,1.945
3.9,3.9,1.95
3.91,3.91,1.955
3.92,3.92,1.96
3.93,3.93,1.965
3.94,3.94,1.97
3.95,3.95,1.975
3.96,3.96,1.98
3.97,3.97,1.985
3.98,3.98,1.99
3.99,3.99,1.995
4,4,2
4.01,4.01,2.005
4.02,4.02,2.01
4.03,4.03,2.015
4.04,4.04,2.02
4.05,4.05,2.025
4.06,4.06,2.03
4.07,4.07,2.035
4.08,4.08,2.04
4.09,4.09,2.045
4.1,4.1,2.05
4.11,4.11,2.055
4.12,4.12,2.06
4.13,4.13,2.065
4.14,4.14,2.07
4.15,4.15,2.075
4.16,4.16,2.08
4.17,4.17,2.085
4.18,4.18,2.09
4.19,4.19,2.095
4.2,4.2,2.1
4.21,4.21,2.105
4.22,4.22,2.11
4.23,4.23,2.115
4.24,4.24,2.12
4.25,4.25,2.125
4.26,4.26,2.13
4.27,4.27,2.135
4.28,4.28,2.14
4.29,4.29,2.145
4.3,4.3,2.15
4.31,4.31,2.155
4.32,4.32,2.16
4.33,4.33,2.165
4.34,4.34,2.17
4.35,4.35,2.175
4.36,4.36,2.18
4.37,4.37,2.185
4.38,4.38,2.19
4.39,4.39,2.195
4.4,4.4,2.2
4.41,4.41,2.205
4.42,4.42,2.21
4.43,4.43,2.215
4.44,4.44,2.22
4.45,4.45,2.225
4.46,4.46,2.23
4.47,4.47,2.235
4.48,4.48,2.24
4.49,4.49,2.245
4.5,4.5,2.25
4.51,4.51,2.255
4.52,4.52,2.26
4.53,4.53,2.265
4.54,4.54,2.27
4.55,4.55,2.275
4.56,4.56,2.28
4.57,4.57,2.285
4.58,4.58,2.29
4.59,4.59,2.295
4.6,4.6,2.3
4.61,4.61,2.305
4.62,4.62,2.31
4.63,4.63,2.315
4.64,4.64,2.32
4.65,4.65,2.325
4.66,4.66,2.33
4.67,4.67,2.335
4.68,4.68,2.34
4.69,4.69,2.345
4.7,4.7,2.35
4.71,4.71,2.355
4.72,4.72,2.36
4.73,4.73,2.365
4.74,4.74,2.37
4.75,4.75,2.375
4.76,4.76,2.38
4.77,4.77,2.385
4.78,4.78,2.39
4.79,4.79,2.395
4.8,4.8,2.4
4.81,4.81,2.405
4.82,4.82,2.41
4.83,4.83,2.415
4.84,4.84,2.42
4.85,4.85,2.425
4.86,4.86,2.43
4.87,4.87,2.435
4.88,4.88,2.44
4.89,4.89,2.445
4.9,4.9,2.45
4.91,4.91,2.455
4.92,4.92,2.46
4.93,4.93,2.465
4.94,4.94,2.47
4.95,4.95,2.475
4.96,4.96,2.48
4.97,4.97,2.485
4.98,4.98,2.49
4.99,4.99,2.495
5,5,2.5
5.01,5.01,2.505
5.02,5.02,2.51
5.03,5.03,2.515
5.04,5.04,2.52
5.05,5.05,2.525
5.06,5.06,2.53
5.07,5.07,2.535
5.08,5.08,2.54
5.09,5.09,2.545
5.1,5.1,2.55
5.11,5.11,2.555
5.12,5.12,2.56
5.13,5.13,2.565
5.14,5.14,2.57
5.15,5.15,2.575
5.16,5.16,2.58
5.17,5.17,2.585
5.18,5.18,2.59
5.19,5.19,2.595
5.2,5.2,2.6
5.21,5.21,2.605
5.22,5.22,2.61
5.23,5.23,2.615
5.24,5.24,2.62
5.25,5.25,2.625
5.26,5.26,2.63
5.27,5.27,2.635
5.28,5.28,2.64
5.29,5.29,2.645
5.3,5.3,2.65
5.31,5.31,2.655
5.32,5.32,2.66
5.33,5.33,2.665
5.34,5.34,2.67
5.35,5.35,2.675
5.36,5.36,2.68
5.37,5.37,2.685
5.38,5.38,2.69
5.39,5.39,2.695
5.4,5.4,2.7
5.41,5.41,2.705
5.42,5.42,2.71
5.43,5.43,2.715
5.44,5.44,2.72
5.45,5.45,2.725
5.46,5.46,2.73
5.47,5.47,2.735
5.48,5.48,2.74
5.49,5.49,2.745
5.5,5.5,2.75
5.51,5.51,2.755
5.52,5.52,2.76
5.53,5.53,2.765
5.54,5.54,2.77
5.55,5.55,2.775
5.56,5.56,2.78
5.57,5.57,2.785
5.58,5.58,2.79
5.59,5.59,2.795
5.6,5.6,2.8
5.61,5.61,2.805
5.62,5.62,2.81
5.63,5.63,2.815
5.64,5.64,2.82
5.65,5.65,2.825
5.66,5.66,2.83
5.67,5.67,2.835
5.68,5.68,2.84
5.69,5.69,2.845
5.7,5.7,2.85
5.71,5.71,2.855
5.72,5.72,2.86
5.73,5.73,2.865
5.74,5.74,2.87
5.75,5.75,2.875
5.76,5.76,2.88
5.77,5.77,2.885
5.78,5.78,2.89
5.79,5.79,2.895
5.8,5.8,2.9
5.81,5.81,2.905
5.82,5.82,2.91
5.83,5.83,2.915
5.84,5.84,2.92
5.85,5.85,2.925
5.86,5.86,2.93
5.87,5.87,2.935
5.88,5.88,2.94
5.89,5.89,2.945
5.9,5.9,2.95
5.91,5.91,2.955
5.92,5.92,2.96
5.93,5.93,2.965
5.94,5.94,2.97
5.95,5.95,2.975
5.96,5.96,2.98
5.97,5.97,2.985
5.98,5.98,2.99
5.99,5.99,2.995
6,6,3
6.01,6.01,3.005
6.02,6.02,3.01
6.03,6.03,3.015
6.04,6.04,3.02
6.05,6.05,3.025
6.06,6.06,3.03
6.07,6.07,3.035
6.08,6.08,3.04
6.09,6.09,3.045
6.1,6.1,3.05
6.11,6.11,3.055
6.12,6.12,3.06
6.13,6.13,3.065
6.14,6.14,3.07
6.15,6.15,3.075
6.16,6.16,3.08
6.17,6.17,3.085
6.18,6.18,3.09
6.19,6.19,3.095
6.2,6.2,3.1
6.21,6.21,3.105
6.22,6.22,3.11
6.23,6.23,3.115
6.24,6.24,3.12
6.25,6.25,3.125
6.26,6.26,3.13
6.27,6.27,3.135
6.28,6.28,3.14
6.29,6.29,3.145
6.3,6.3,3.15
6.31,6.31,3.155
6.32,6.32,3.16
6.33,6.33,3.165
6.34,6.34,3.17
6.35,6.35,3.175
6.36,6.36,3.18
6.37,6.37,3.185
6.38,6.38,3.19
6.39,6.39,3.195
6.4,6.4,3.2
6.41,6.41,3.205
6.42,6.42,3.21
6.43,6.43,3.215
6.44,6.44,3.22
6.45,6.45,3.225
6.46,6.46,3.23
6.47,6.47,3.235
6.48,6.48,3.24
6.49,6.49,3.245
6.5,6.5,3.25
6.51,6.51,3.255
6.52,6.52,3.26
6.53,6.53,3.265
6.54,6.54,3.27
6.55,6.55,3.275
6.56,6.56,3.28
6.57,6.57,3.285
6.58,6.58,3.29
6.59,6.59,3.295
6.6,6.6,3.3
6.61,6.61,3.305
6.62,6.62,3.31
6.63,6.63,3.315
6.64,6.64,3.32
6.65,6.65,3.325
6.66,6.66,3.33
6.67,6.67,3.335
6.68,6.68,3.34
6.69,6.69,3.345
6.7,6.7,3.35
6.71,6.71,3.355
6.72,6.72,3.36
6.73,6.73,3.365
6.74,6.74,3.37
6.75,6.75,3.375
6.76,6.76,3.38
6.77,6.77,3.385
6.78,6.78,3.39
6.79,6.79,3.395
6.8,6.8,3.4
6.81,6.81,3.405
6.82,6.82,3.41
6.83,6.83,3.415
6.84,6.84,3.42
6.85,6.85,3.425
6.86,6.86,3.43
6.87,6.87,3.435
6.88,6.88,3.44
6.89,6.89,3.445
6.9,6.9,3.45
6.91,6.91,3.455
6.92,6.92,3.46
6.93,6.93,3.465
6.94,6.94,3.47
6.95,6.95,3.475
6.96,6.96,3.48
6.97,6.97,3.485
6.98,6.98,3.49
6.99,6.99,3.495
7,7,3.5
7.01,7.01,3.505
7.02,7.02,3.51
7.03,7.03,3.515
7.04,7.04,3.52
7.05,7.05,3.525
7.06,7.06,3.53
7.07,7.07,3.535
7.08,7.08,3.54
7.09,7.09,3.545
7.1,7.1,3.55
7.11,7.11,3.555
7.12,7.12,3.56
7.13,7.13,3.565
7.14,7.14,3.57
7.15,7.15,3.575
7.16,7.16,3.58
7.17,7.17,3.585
7.18,7.18,3.59
7.19,7.19,3.595
7.2,7.2,3.6
7.21,7.21,3.605
7.22,7.22,3.61
7.23,7.23,3.615
7.24,7.24,3.62
7.25,7.25,3.625
7.26,7.26,3.63
7.27,7.27,3.635
7.28,7.28,3.64
7.29,7.29,3.645
7.3,7.3,3.65
7.31,7.31,3.655
7.32,7.32,3.66
7.33,7.33,3.665
7.34,7.34,3.67
7.35,7.35,3.675
7.36,7.36,3.68
7.37,7.37,3.685
7.38,7.38,3.69
7.39,7.39,3.695
7.4,7.4,3.7
7.41,7.41,3.705
7.42,7.42,3.71
7.43,7.43,3.715
7.44,7.44,3.72
7.45,7.45,3.725
7.46,7.46,3.73
7.47,7.47,3.735
7.48,7.48,3.74
7.49,7.49,3.745
7.5,7.5,3.75
7.51,7.51,3.755
7.52,7.52,3.76
7.53,7.53,3.765
7.54,7.54,3.77
7.55,7.55,3.775
7.56,7.56,3.78
7.57,7.57,3.785
7.58,7.58,3.79
7.59,7.59,3.795
7.6,7.6,3.8
7.61,7.61,3.805
7.62,7.62,3.81
7.63,7.63,3.815
7.64,7.64,3.82
7.65,7.65,3.825
7.66,7.66,3.83
7.67,7.67,3.835
7.68,7.68,3.84
7.69,7.69,3.845
7.7,7.7,3.85
7.71,7.71,3.855
7.72,7.72,3.86
7.73,7.73,3.865
7.74,7.74,3.87
7.75,7.75,3.875
7.76,7.76,3.88
7.77,7.77,3.885
7.78,7.78,3.89
7.79,7.79,3.895
7.8,7.8,3.9
7.81,7.81,3.905
7.82,7.82,3.91
7.83,7.83,3.915
7.84,7.84,3.92
7.85,7.85,3.925
7.86,7.86,3.93
7.87,7.87,3.935
7.88,7.88,3.94
7.89,7.89,3.945
7.9,7.9,3.95
7.91,7.91,3.955
7.92,7.92,3.96
7.93,7.93,3.965
7.94,7.94,3.97
7.95,7.95,3.975
7.96,7.96,3.98
7.97,7.97,3.985
7.98,7.98,3.99
7.99,7.99,3.995
8,8,4
8.01,8.01,4.005
8.02,8.02,4.01
8.03,8.03,4.015
8.04,8.04,4.02
8.05,8.05,4.025
8.06,8.06,4.03
8.07,8.07,4.035
8.08,8.08,4.04
8.09,8.09,4.045
8.1,8.1,4.05
8.11,8.11,4.055
8.12,8.12,4.06
8.13,8.13,4.065
8.14,8.14,4.07
8.15,8.15,4.075
8.16,8.16,4.08
8.17,8.17,4.085
8.18,8.18,4.09
8.19,8.19,4.095
8.2,8.2,4.1
8.21,8.21,4.105
8.22,8.22,4.11
8.23,8.23,4.115
8.24,8.24,4.12
8.25,8.25,4.125
8.26,8.26,4.13
8.27,8.27,4.135
8.28,8.28,4.14
8.29,8.29,4.145
8.3,8.3,4.15
8.31,8.31,4.155
8.32,8.32,4.16
8.33,8.33,4.165
8.34,8.34,4.17
8.35,8.35,4.175
8.36,8.36,4.18
8.37,8.37,4.185
8.38,8.38,4.19
8.39,8.39,4.195
8.4,8.4,4.2
8.41,8.41,4.205
8.42,8.42,4.21
8.43,8.43,4.215
8.44,8.44,4.22
8.45,8.45,4.225
8.46,8.46,4.23
8.47,8.47,4.235
8.48,8.48,4.24
8.49,8.49,4.245
8.5,8.5,4.25
8.51,8.51,4.255
8.52,8.52,4.26
8.53,8.53,4.265
8.54,8.54,4.27
8.55,8.55,4.275
8.56,8.56,4.28
8.57,8.57,4.285
8.58,8.58,4.29
8.59,8.59,4.295
8.6,8.6,4.3
8.61,8.61,4.305
8.62,8.62,4.31
8.63,8.63,4.315
8.64,8.64,4.32
8.65,8.65,4.325
8.66,8.66,4.33
8.67,8.67,4.335
8.68,8.68,4.34
8.69,8.69,4.345
8.7,8.7,4.35
8.71,8.71,4.355
8.72,8.72,4.36
8.73,8.73,4.365
8.74,8.74,4.37
8.75,8.75,4.375
8.76,8.76,4.38
8.77,8.77,4.385
8.78,8.78,4.39
8.79,8.79,4.395
8.8,8.8,4.4
8.81,8.81,4.405
8.82,8.82,4.41
8.83,8.83,4.415
8.84,8.84,4.42
8.85,8.85,4.425
8.86,8.86,4.43
8.87,8.87,4.435
8.88,8.88,4.44
8.89,8.89,4.445
8.9,8.9,4.45
8.91,8.91,4.455
8.92,8.92,4.46
8.93,8.93,4.465
8.94,8.94,4.47
8.95,8.95,4.475
8.96,8.96,4.48
8.97,8.97,4.485
8.98,8.98,4.49
8.99,8.99,4.495
9,9,4.5
9.01,9.01,4.505
9.02,9.02,4.51
9.03,9.03,4.515
9.04,9.04,4.52
9.05,9.05,4.525
9.06,9.06,4.53
9.07,9.07,4.535
9.08,9.08,4.54
9.09,9.09,4.545
9.1,9.1,4.55
9.11,9.11,4.555
9.12,9.12,4.56
9.13,9.13,4.565
9.14,9.14,4.57
9.15,9.15,4.575
9.16,9.16,4.58
9.17,9.17,4.585
9.18,9.18,4.59
9.19,9.19,4.595
9.2,9.2,4.6
9.21,9.21,4.605
9.22,9.22,4.61
9.23,9.23,4.615
9.24,9.24,4.62
9.25,9.25,4.625
9.26,9.26,4.63
9.27,9.27,4.635
9.28,9.28,4.64
9.29,9.29,4.645
9.3,9.3,4.65
9.31,9.31,4.655
9.32,9.32,4.66
9.33,9.33,4.665
9.34,9.34,4.67
9.35,9.35,4.675
9.36,9.36,4.68
9.37,9.37,4.685
9.38,9.38,4.69
9.39,9.39,4.695
9.4,9.4,4.7
9.41,9.41,4.705
9.42,9.42,4.71
9.43,9.43,4.715
9.44,9.44,4.72
9.45,9.45,4.725
9.46,9.46,4.73
9.47,9.47,4.735
9.48,9.48,4.74
9.49,9.49,4.745
9.5,9.5,4.75
9.51,9.51,4.755
9.52,9.52,4.76
9.53,9.53,4.765
9.54,9.54,4.77
9.55,9.55,4.775
9.56,9.56,4.78
9.57,9.57,4.785
9.58,9.58,4.79
9.59,9.59,4.795
9.6,9.6,4.8
9.61,9.61,4.805
9.62,9.62,4.81
9.63,9.63,4.815
9.64,9.64,4.82
9.65,9.65,4.825
9.66,9.66,4.83
9.67,9.67,4.835
9.68,9.68,4.84
9.69,9.69,4.845
9.7,9.7,4.85
9.71,9.71,4.855
9.72,9.72,4.86
9.73,9.73,4.865
9.74,9.74,4.87
9.75,9.75,4.875
9.76,9.76,4.88
9.77,9.77,4.885
9.78,9.78,4.89
9.79,9.79,4.895
9.8,9.8,4.9
9.81,9.81,4.905
9.82,9.82,4.91
9.83,9.83,4.915
9.84,9.84,4.92
9.85,9.85,4.925
9.86,9.86,4.93
9.87,9.87,4.935
9.88,9.88,4.94
9.89,9.89,4.945
9.9,9.9,4.95
9.91,9.91,4.955
9.92,9.92,4.96
9.93,9.93,4.965
9.94,9.94,4.97
9.95,9.95,4.975
9.96,9.96,4.98
9.97,9.97,4.985
9.98,9.98,4.99
9.99,9.99,4.995
10,10,5
