0,0,0,0
0.001,0,0,0
0.002,0,0,0
0.003,0,0,0
0.004,0,0,0
0.005,0,0,0
0.006,0,0,0
0.007,0,0,0
0.008,0,0,0
0.009,0,0,0
0.01,0,0,0
0.011,0,0,0
0.012,0,0,0
0.013,0,0,0
0.014,0,0,0
0.015,0,0,0
0.016,0,0,0
0.017,0,0,0
0.018,0,0,0
0.019,0,0,0
0.02,0,0,0
0.021,0,0,0
0.022,0,0,0
0.023,0,0,0
0.024,0,0,0
0.025,0,0,0
0.026,0,0,0
0.027,0,0,0
0.028,0,0,0
0.029,0,0,0
0.03,0,0,0
0.031,0,0,0
0.032,0,0,0
0.033,0,0,0
0.034,0,0,0
0.035,0,0,0
0.036,0,0,0
0.037,0,0,0
0.038,0,0,0
0.039,0,0,0
0.04,0,0,0
0.041,0,0,0
0.042,0,0,0
0.043,0,0,0
0.044,0,0,0
0.045,0,0,0
0.046,0,0,0
0.047,0,0,0
0.048,0,0,0
0.049,0,0,0
0.05,0,0,0
0.051,0,0,0
0.052,0,0,0
0.053,0,0,0
0.054,0,0,0
0.055,0,0,0
0.056,0,0,0
0.057,0,0,0
0.058,0,0,0
0.059,0,0,0
0.06,0,0,0
0.061,0,0,0
0.062,0,0,0
0.063,0,0,0
0.064,0,0,0
0.065,0,0,0
0.066,0,0,0
0.067,0,0,0
0.068,0,0,0
0.069,0,0,0
0.07,0,0,0
0.071,0,0,0
0.072,0,0,0
0.073,0,0,0
0.074,0,0,0
0.075,0,0,0
0.076,0,0,0
0.077,0,0,0
0.078,0,0,0
0.079,0,0,0
0.08,0,0,0
0.081,0,0,0
0.082,0,0,0
0.083,0,0,0
0.084,0,0,0
0.085,0,0,0
0.086,0,0,0
0.087,0,0,0
0.088,0,0,0
0.089,0,0,0
0.09,0,0,0
0.091,0,0,0
0.092,0,0,0
0.093,0,0,0
0.094,0,0,0
0.095,0,0,0
0.096,0,0,0
0.097,0,0,0
0.098,0,0,0
0.099,0,0,0
0.1,0,0,0
0.101,0,0,0
0.102,0,0,0
0.103,0,0,0
0.104,0,0,0
0.105,0,0,0
0.106,0,0,0
0.107,0,0,0
0.108,0,0,0
0.109,0,0,0
0.11,0,0,0
0.111,0,0,0
0.112,0,0,0
0.113,0,0,0
0.114,0,0,0
0.115,0,0,0
0.116,0,0,0
0.117,0,0,0
0.118,0,0,0
0.119,0,0,0
0.12,0,0,0
0.121,0,0,0
0.122,0,0,0
0.123,0,0,0
0.124,0,0,0
0.125,0,0,0
0.126,0,0,0
0.127,0,0,0
0.128,0,0,0
0.129,0,0,0
0.13,0,0,0
0.131,0,0,0
0.132,0,0,0
0.133,0,0,0
0.134,0,0,0
0.135,0,0,0
0.136,0,0,0
0.137,0,0,0
0.138,0,0,0
0.139,0,0,0
0.14,0,0,0
0.141,0,0,0
0.142,0,0,0
0.143,0,0,0
0.144,0,0,0
0.145,0,0,0
0.146,0,0,0
0.147,0,0,0
0.148,0,0,0
0.149,0,0,0
0.15,0,0,0
0.151,0,0,0
0.152,0,0,0
0.153,0,0,0
0.154,0,0,0
0.155,0,0,0
0.156,0,0,0
0.157,0,0,0
0.158,0,0,0
0.159,0,0,0
0.16,0,0,0
0.161,0,0,0
0.162,0,0,0
0.163,0,0,0
0.164,0,0,0
0.165,0,0,0
0.166,0,0,0
0.167,0,0,0
0.168,0,0,0
0.169,0,0,0
0.17,0,0,0
0.171,0,0,0
0.172,0,0,0
0.173,0,0,0
0.174,0,0,0
0.175,0,0,0
0.176,0,0,0
0.177,0,0,0
0.178,0,0,0
0.179,0,0,0
0.18,0,0,0
0.181,0,0,0
0.182,0,0,0
0.183,0,0,0
0.184,0,0,0
0.185,0,0,0
0.186,0,0,0
0.187,0,0,0
0.188,0,0,0
0.189,0,0,0
0.19,0,0,0
0.191,0,0,0
0.192,0,0,0
0.193,0,0,0
0.194,0,0,0
0.195,0,0,0
0.196,0,0,0
0.197,0,0,0
0.198,0,0,0
0.199,0,0,0
0.2,0,0,0
0.201,0,0,0
0.202,0,0,0
0.203,0,0,0
0.204,0,0,0
0.205,0,0,0
0.206,0,0,0
0.207,0,0,0
0.208,0,0,0
0.209,0,0,0
0.21,0,0,0
0.211,0,0,0
0.212,0,0,0
0.213,0,0,0
0.214,0,0,0
0.215,0,0,0
0.216,0,0,0
0.217,0,0,0
0.218,0,0,0
0.219,0,0,0
0.22,0,0,0
0.221,0,0,0
0.222,0,0,0
0.223,0,0,0
0.224,0,0,0
0.225,0,0,0
0.226,0,0,0
0.227,0,0,0
0.228,0,0,0
0.229,0,0,0
0.23,0,0,0
0.231,0,0,0
0.232,0,0,0
0.233,0,0,0
0.234,0,0,0
0.235,0,0,0
0.236,0,0,0
0.237,0,0,0
0.238,0,0,0
0.239,0,0,0
0.24,0,0,0
0.241,0,0,0
0.242,0,0,0
0.243,0,0,0
0.244,0,0,0
0.245,0,0,0
0.246,0,0,0
0.247,0,0,0
0.248,0,0,0
0.249,0,0,0
0.25,0,0,0
0.251,0,0,0
0.252,0,0,0
0.253,0,0,0
0.254,0,0,0
0.255,0,0,0
0.256,0,0,0
0.257,0,0,0
0.258,0,0,0
0.259,0,0,0
0.26,0,0,0
0.261,0,0,0
0.262,0,0,0
0.263,0,0,0
0.264,0,0,0
0.265,0,0,0
0.266,0,0,0
0.267,0,0,0
0.268,0,0,0
0.269,0,0,0
0.27,0,0,0
0.271,0,0,0
0.272,0,0,0
0.273,0,0,0
0.274,0,0,0
0.275,0,0,0
0.276,0,0,0
0.277,0,0,0
0.278,0,0,0
0.279,0,0,0
0.28,0,0,0
0.281,0,0,0
0.282,0,0,0
0.283,0,0,0
0.284,0,0,0
0.285,0,0,0
0.286,0,0,0
0.287,0,0,0
0.288,0,0,0
0.289,0,0,0
0.29,0,0,0
0.291,0,0,0
0.292,0,0,0
0.293,0,0,0
0.294,0,0,0
0.295,0,0,0
0.296,0,0,0
0.297,0,0,0
0.298,0,0,0
0.299,0,0,0
0.3,0,0,0
0.301,0,0,0
0.302,0,0,0
0.303,0,0,0
0.304,0,0,0
0.305,0,0,0
0.306,0,0,0
0.307,0,0,0
0.308,0,0,0
0.309,0,0,0
0.31,0,0,0
0.311,0,0,0
0.312,0,0,0
0.313,0,0,0
0.314,0,0,0
0.315,0,0,0
0.316,0,0,0
0.317,0,0,0
0.318,0,0,0
0.319,0,0,0
0.32,0,0,0
0.321,0,0,0
0.322,0,0,0
0.323,0,0,0
0.324,0,0,0
0.325,0,0,0
0.326,0,0,0
0.327,0,0,0
0.328,0,0,0
0.329,0,0,0
0.33,0,0,0
0.331,0,0,0
0.332,0,0,0
0.333,0,0,0
0.334,0,0,0
0.335,0,0,0
0.336,0,0,0
0.337,0,0,0
0.338,0,0,0
0.339,0,0,0
0.34,0,0,0
0.341,0,0,0
0.342,0,0,0
0.343,0,0,0
0.344,0,0,0
0.345,0,0,0
0.346,0,0,0
0.347,0,0,0
0.348,0,0,0
0.349,0,0,0
0.35,0,0,0
0.351,0,0,0
0.352,0,0,0
0.353,0,0,0
0.354,0,0,0
0.355,0,0,0
0.356,0,0,0
0.357,0,0,0
0.358,0,0,0
0.359,0,0,0
0.36,0,0,0
0.361,0,0,0
0.362,0,0,0
0.363,0,0,0
0.364,0,0,0
0.365,0,0,0
0.366,0,0,0
0.367,0,0,0
0.368,0,0,0
0.369,0,0,0
0.37,0,0,0
0.371,0,0,0
0.372,0,0,0
0.373,0,0,0
0.374,0,0,0
0.375,0,0,0
0.376,0,0,0
0.377,0,0,0
0.378,0,0,0
0.379,0,0,0
0.38,0,0,0
0.381,0,0,0
0.382,0,0,0
0.383,0,0,0
0.384,0,0,0
0.385,0,0,0
0.386,0,0,0
0.387,0,0,0
0.388,0,0,0
0.389,0,0,0
0.39,0,0,0
0.391,0,0,0
0.392,0,0,0
0.393,0,0,0
0.394,0,0,0
0.395,0,0,0
0.396,0,0,0
0.397,0,0,0
0.398,0,0,0
0.399,0,0,0
0.4,0,0,0
0.401,0,0,0
0.402,0,0,0
0.403,0,0,0
0.404,0,0,0
0.405,0,0,0
0.406,0,0,0
0.407,0,0,0
0.408,0,0,0
0.409,0,0,0
0.41,0,0,0
0.411,0,0,0
0.412,0,0,0
0.413,0,0,0
0.414,0,0,0
0.415,0,0,0
0.416,0,0,0
0.417,0,0,0
0.418,0,0,0
0.419,0,0,0
0.42,0,0,0
0.421,0,0,0
0.422,0,0,0
0.423,0,0,0
0.424,0,0,0
0.425,0,0,0
0.426,0,0,0
0.427,0,0,0
0.428,0,0,0
0.429,0,0,0
0.43,0,0,0
0.431,0,0,0
0.432,0,0,0
0.433,0,0,0
0.434,0,0,0
0.435,0,0,0
0.436,0,0,0
0.437,0,0,0
0.438,0,0,0
0.439,0,0,0
0.44,0,0,0
0.441,0,0,0
0.442,0,0,0
0.443,0,0,0
0.444,0,0,0
0.445,0,0,0
0.446,0,0,0
0.447,0,0,0
0.448,0,0,0
0.449,0,0,0
0.45,0,0,0
0.451,0,0,0
0.452,0,0,0
0.453,0,0,0
0.454,0,0,0
0.455,0,0,0
0.456,0,0,0
0.457,0,0,0
0.458,0,0,0
0.459,0,0,0
0.46,0,0,0
0.461,0,0,0
0.462,0,0,0
0.463,0,0,0
0.464,0,0,0
0.465,0,0,0
0.466,0,0,0
0.467,0,0,0
0.468,0,0,0
0.469,0,0,0
0.47,0,0,0
0.471,0,0,0
0.472,0,0,0
0.473,0,0,0
0.474,0,0,0
0.475,0,0,0
0.476,0,0,0
0.477,0,0,0
0.478,0,0,0
0.479,0,0,0
0.48,0,0,0
0.481,0,0,0
0.482,0,0,0
0.483,0,0,0
0.484,0,0,0
0.485,0,0,0
0.486,0,0,0
0.487,0,0,0
0.488,0,0,0
0.489,0,0,0
0.49,0,0,0
0.491,0,0,0
0.492,0,0,0
0.493,0,0,0
0.494,0,0,0
0.495,0,0,0
0.496,0,0,0
0.497,0,0,0
0.498,0,0,0
0.499,0,0,0
0.5,0,0,0
0.501,0,0,0
0.502,0,0,0
0.503,0,0,0
0.504,0,0,0
0.505,0,0,0
0.506,0,0,0
0.507,0,0,0
0.508,0,0,0
0.509,0,0,0
0.51,0,0,0
0.511,0,0,0
0.512,0,0,0
0.513,0,0,0
0.514,0,0,0
0.515,0,0,0
0.516,0,0,0
0.517,0,0,0
0.518,0,0,0
0.519,0,0,0
0.52,0,0,0
0.521,0,0,0
0.522,0,0,0
0.523,0,0,0
0.524,0,0,0
0.525,0,0,0
0.526,0,0,0
0.527,0,0,0
0.528,0,0,0
0.529,0,0,0
0.53,0,0,0
0.531,0,0,0
0.532,0,0,0
0.533,0,0,0
0.534,0,0,0
0.535,0,0,0
0.536,0,0,0
0.537,0,0,0
0.538,0,0,0
0.539,0,0,0
0.54,0,0,0
0.541,0,0,0
0.542,0,0,0
0.543,0,0,0
0.544,0,0,0
0.545,0,0,0
0.546,0,0,0
0.547,0,0,0
0.548,0,0,0
0.549,0,0,0
0.55,0,0,0
0.551,0,0,0
0.552,0,0,0
0.553,0,0,0
0.554,0,0,0
0.555,0,0,0
0.556,0,0,0
0.557,0,0,0
0.558,0,0,0
0.559,0,0,0
0.56,0,0,0
0.561,0,0,0
0.562,0,0,0
0.563,0,0,0
0.564,0,0,0
0.565,0,0,0
0.566,0,0,0
0.567,0,0,0
0.568,0,0,0
0.569,0,0,0
0.57,0,0,0
0.571,0,0,0
0.572,0,0,0
0.573,0,0,0
0.574,0,0,0
0.575,0,0,0
0.576,0,0,0
0.577,0,0,0
0.578,0,0,0
0.579,0,0,0
0.58,0,0,0
0.581,0,0,0
0.582,0,0,0
0.583,0,0,0
0.584,0,0,0
0.585,0,0,0
0.586,0,0,0
0.587,0,0,0
0.588,0,0,0
0.589,0,0,0
0.59,0,0,0
0.591,0,0,0
0.592,0,0,0
0.593,0,0,0
0.594,0,0,0
0.595,0,0,0
0.596,0,0,0
0.597,0,0,0
0.598,0,0,0
0.599,0,0,0
0.6,0,0,0
0.601,0,0,0
0.602,0,0,0
0.603,0,0,0
0.604,0,0,0
0.605,0,0,0
0.606,0,0,0
0.607,0,0,0
0.608,0,0,0
0.609,0,0,0
0.61,0,0,0
0.611,0,0,0
0.612,0,0,0
0.613,0,0,0
0.614,0,0,0
0.615,0,0,0
0.616,0,0,0
0.617,0,0,0
0.618,0,0,0
0.619,0,0,0
0.62,0,0,0
0.621,0,0,0
0.622,0,0,0
0.623,0,0,0
0.624,0,0,0
0.625,0,0,0
0.626,0,0,0
0.627,0,0,0
0.628,0,0,0
0.629,0,0,0
0.63,0,0,0
0.631,0,0,0
0.632,0,0,0
0.633,0,0,0
0.634,0,0,0
0.635,0,0,0
0.636,0,0,0
0.637,0,0,0
0.638,0,0,0
0.639,0,0,0
0.64,0,0,0
0.641,0,0,0
0.642,0,0,0
0.643,0,0,0
0.644,0,0,0
0.645,0,0,0
0.646,0,0,0
0.647,0,0,0
0.648,0,0,0
0.649,0,0,0
0.65,0,0,0
0.651,0,0,0
0.652,0,0,0
0.653,0,0,0
0.654,0,0,0
0.655,0,0,0
0.656,0,0,0
0.657,0,0,0
0.658,0,0,0
0.659,0,0,0
0.66,0,0,0
0.661,0,0,0
0.662,0,0,0
0.663,0,0,0
0.664,0,0,0
0.665,0,0,0
0.666,0,0,0
0.667,0,0,0
0.668,0,0,0
0.669,0,0,0
0.67,0,0,0
0.671,0,0,0
0.672,0,0,0
0.673,0,0,0
0.674,0,0,0
0.675,0,0,0
0.676,0,0,0
0.677,0,0,0
0.678,0,0,0
0.679,0,0,0
0.68,0,0,0
0.681,0,0,0
0.682,0,0,0
0.683,0,0,0
0.684,0,0,0
0.685,0,0,0
0.686,0,0,0
0.687,0,0,0
0.688,0,0,0
0.689,0,0,0
0.69,0,0,0
0.691,0,0,0
0.692,0,0,0
0.693,0,0,0
0.694,0,0,0
0.695,0,0,0
0.696,0,0,0
0.697,0,0,0
0.698,0,0,0
0.699,0,0,0
0.7,0,0,0
0.701,0,0,0
0.702,0,0,0
0.703,0,0,0
0.704,0,0,0
0.705,0,0,0
0.706,0,0,0
0.707,0,0,0
0.708,0,0,0
0.709,0,0,0
0.71,0,0,0
0.711,0,0,0
0.712,0,0,0
0.713,0,0,0
0.714,0,0,0
0.715,0,0,0
0.716,0,0,0
0.717,0,0,0
0.718,0,0,0
0.719,0,0,0
0.72,0,0,0
0.721,0,0,0
0.722,0,0,0
0.723,0,0,0
0.724,0,0,0
0.725,0,0,0
0.726,0,0,0
0.727,0,0,0
0.728,0,0,0
0.729,0,0,0
0.73,0,0,0
0.731,0,0,0
0.732,0,0,0
0.733,0,0,0
0.734,0,0,0
0.735,0,0,0
0.736,0,0,0
0.737,0,0,0
0.738,0,0,0
0.739,0,0,0
0.74,0,0,0
0.741,0,0,0
0.742,0,0,0
0.743,0,0,0
0.744,0,0,0
0.745,0,0,0
0.746,0,0,0
0.747,0,0,0
0.748,0,0,0
0.749,0,0,0
0.75,0,0,0
0.751,0,0,0
0.752,0,0,0
0.753,0,0,0
0.754,0,0,0
0.755,0,0,0
0.756,0,0,0
0.757,0,0,0
0.758,0,0,0
0.759,0,0,0
0.76,0,0,0
0.761,0,0,0
0.762,0,0,0
0.763,0,0,0
0.764,0,0,0
0.765,0,0,0
0.766,0,0,0
0.767,0,0,0
0.768,0,0,0
0.769,0,0,0
0.77,0,0,0
0.771,0,0,0
0.772,0,0,0
0.773,0,0,0
0.774,0,0,0
0.775,0,0,0
0.776,0,0,0
0.777,0,0,0
0.778,0,0,0
0.779,0,0,0
0.78,0,0,0
0.781,0,0,0
0.782,0,0,0
0.783,0,0,0
0.784,0,0,0
0.785,0,0,0
0.786,0,0,0
0.787,0,0,0
0.788,0,0,0
0.789,0,0,0
0.79,0,0,0
0.791,0,0,0
0.792,0,0,0
0.793,0,0,0
0.794,0,0,0
0.795,0,0,0
0.796,0,0,0
0.797,0,0,0
0.798,0,0,0
0.799,0,0,0
0.8,0,0,0
0.801,0,0,0
0.802,0,0,0
0.803,0,0,0
0.804,0,0,0
0.805,0,0,0
0.806,0,0,0
0.807,0,0,0
0.808,0,0,0
0.809,0,0,0
0.81,0,0,0
0.811,0,0,0
0.812,0,0,0
0.813,0,0,0
0.814,0,0,0
0.815,0,0,0
0.816,0,0,0
0.817,0,0,0
0.818,0,0,0
0.819,0,0,0
0.82,0,0,0
0.821,0,0,0
0.822,0,0,0
0.823,0,0,0
0.824,0,0,0
0.825,0,0,0
0.826,0,0,0
0.827,0,0,0
0.828,0,0,0
0.829,0,0,0
0.83,0,0,0
0.831,0,0,0
0.832,0,0,0
0.833,0,0,0
0.834,0,0,0
0.835,0,0,0
0.836,0,0,0
0.837,0,0,0
0.838,0,0,0
0.839,0,0,0
0.84,0,0,0
0.841,0,0,0
0.842,0,0,0
0.843,0,0,0
0.844,0,0,0
0.845,0,0,0
0.846,0,0,0
0.847,0,0,0
0.848,0,0,0
0.849,0,0,0
0.85,0,0,0
0.851,0,0,0
0.852,0,0,0
0.853,0,0,0
0.854,0,0,0
0.855,0,0,0
0.856,0,0,0
0.857,0,0,0
0.858,0,0,0
0.859,0,0,0
0.86,0,0,0
0.861,0,0,0
0.862,0,0,0
0.863,0,0,0
0.864,0,0,0
0.865,0,0,0
0.866,0,0,0
0.867,0,0,0
0.868,0,0,0
0.869,0,0,0
0.87,0,0,0
0.871,0,0,0
0.872,0,0,0
0.873,0,0,0
0.874,0,0,0
0.875,0,0,0
0.876,0,0,0
0.877,0,0,0
0.878,0,0,0
0.879,0,0,0
0.88,0,0,0
0.881,0,0,0
0.882,0,0,0
0.883,0,0,0
0.884,0,0,0
0.885,0,0,0
0.886,0,0,0
0.887,0,0,0
0.888,0,0,0
0.889,0,0,0
0.89,0,0,0
0.891,0,0,0
0.892,0,0,0
0.893,0,0,0
0.894,0,0,0
0.895,0,0,0
0.896,0,0,0
0.897,0,0,0
0.898,0,0,0
0.899,0,0,0
0.9,0,0,0
0.901,0,0,0
0.902,0,0,0
0.903,0,0,0
0.904,0,0,0
0.905,0,0,0
0.906,0,0,0
0.907,0,0,0
0.908,0,0,0
0.909,0,0,0
0.91,0,0,0
0.911,0,0,0
0.912,0,0,0
0.913,0,0,0
0.914,0,0,0
0.915,0,0,0
0.916,0,0,0
0.917,0,0,0
0.918,0,0,0
0.919,0,0,0
0.92,0,0,0
0.921,0,0,0
0.922,0,0,0
0.923,0,0,0
0.924,0,0,0
0.925,0,0,0
0.926,0,0,0
0.927,0,0,0
0.928,0,0,0
0.929,0,0,0
0.93,0,0,0
0.931,0,0,0
0.932,0,0,0
0.933,0,0,0
0.934,0,0,0
0.935,0,0,0
0.936,0,0,0
0.937,0,0,0
0.938,0,0,0
0.939,0,0,0
0.94,0,0,0
0.941,0,0,0
0.942,0,0,0
0.943,0,0,0
0.944,0,0,0
0.945,0,0,0
0.946,0,0,0
0.947,0,0,0
0.948,0,0,0
0.949,0,0,0
0.95,0,0,0
0.951,0,0,0
0.952,0,0,0
0.953,0,0,0
0.954,0,0,0
0.955,0,0,0
0.956,0,0,0
0.957,0,0,0
0.958,0,0,0
0.959,0,0,0
0.96,0,0,0
0.961,0,0,0
0.962,0,0,0
0.963,0,0,0
0.964,0,0,0
0.965,0,0,0
0.966,0,0,0
0.967,0,0,0
0.968,0,0,0
0.969,0,0,0
0.97,0,0,0
0.971,0,0,0
0.972,0,0,0
0.973,0,0,0
0.974,0,0,0
0.975,0,0,0
0.976,0,0,0
0.977,0,0,0
0.978,0,0,0
0.979,0,0,0
0.98,0,0,0
0.981,0,0,0
0.982,0,0,0
0.983,0,0,0
0.984,0,0,0
0.985,0,0,0
0.986,0,0,0
0.987,0,0,0
0.988,0,0,0
0.989,0,0,0
0.99,0,0,0
0.991,0,0,0
0.992,0,0,0
0.993,0,0,0
0.994,0,0,0
0.995,0,0,0
0.996,0,0,0
0.997,0,0,0
0.998,0,0,0
0.999,0,0,0
1,0,0,0
1.001,0,0,0
1.002,0,0,0
1.003,0,0,0
1.004,0,0,0
1.005,0,0,0
1.006,0,0,0
1.007,0,0,0
1.008,0,0,0
1.009,0,0,0
1.01,0,0,0
1.011,0,0,0
1.012,0,0,0
1.013,0,0,0
1.014,0,0,0
1.015,0,0,0
1.016,0,0,0
1.017,0,0,0
1.018,0,0,0
1.019,0,0,0
1.02,0,0,0
1.021,0,0,0
1.022,0,0,0
1.023,0,0,0
1.024,0,0,0
1.025,0,0,0
1.026,0,0,0
1.027,0,0,0
1.028,0,0,0
1.029,0,0,0
1.03,0,0,0
1.031,0,0,0
1.032,0,0,0
1.033,0,0,0
1.034,0,0,0
1.035,0,0,0
1.036,0,0,0
1.037,0,0,0
1.038,0,0,0
1.039,0,0,0
1.04,0,0,0
1.041,0,0,0
1.042,0,0,0
1.043,0,0,0
1.044,0,0,0
1.045,0,0,0
1.046,0,0,0
1.047,0,0,0
1.048,0,0,0
1.049,0,0,0
1.05,0,0,0
1.051,0,0,0
1.052,0,0,0
1.053,0,0,0
1.054,0,0,0
1.055,0,0,0
1.056,0,0,0
1.057,0,0,0
1.058,0,0,0
1.059,0,0,0
1.06,0,0,0
1.061,0,0,0
1.062,0,0,0
1.063,0,0,0
1.064,0,0,0
1.065,0,0,0
1.066,0,0,0
1.067,0,0,0
1.068,0,0,0
1.069,0,0,0
1.07,0,0,0
1.071,0,0,0
1.072,0,0,0
1.073,0,0,0
1.074,0,0,0
1.075,0,0,0
1.076,0,0,0
1.077,0,0,0
1.078,0,0,0
1.079,0,0,0
1.08,0,0,0
1.081,0,0,0
1.082,0,0,0
1.083,0,0,0
1.084,0,0,0
1.085,0,0,0
1.086,0,0,0
1.087,0,0,0
1.088,0,0,0
1.089,0,0,0
1.09,0,0,0
1.091,0,0,0
1.092,0,0,0
1.093,0,0,0
1.094,0,0,0
1.095,0,0,0
1.096,0,0,0
1.097,0,0,0
1.098,0,0,0
1.099,0,0,0
1.1,0,0,0
1.101,0,0,0
1.102,0,0,0
1.103,0,0,0
1.104,0,0,0
1.105,0,0,0
1.106,0,0,0
1.107,0,0,0
1.108,0,0,0
1.109,0,0,0
1.11,0,0,0
1.111,0,0,0
1.112,0,0,0
1.113,0,0,0
1.114,0,0,0
1.115,0,0,0
1.116,0,0,0
1.117,0,0,0
1.118,0,0,0
1.119,0,0,0
1.12,0,0,0
1.121,0,0,0
1.122,0,0,0
1.123,0,0,0
1.124,0,0,0
1.125,0,0,0
1.126,0,0,0
1.127,0,0,0
1.128,0,0,0
1.129,0,0,0
1.13,0,0,0
1.131,0,0,0
1.132,0,0,0
1.133,0,0,0
1.134,0,0,0
1.135,0,0,0
1.136,0,0,0
1.137,0,0,0
1.138,0,0,0
1.139,0,0,0
1.14,0,0,0
1.141,0,0,0
1.142,0,0,0
1.143,0,0,0
1.144,0,0,0
1.145,0,0,0
1.146,0,0,0
1.147,0,0,0
1.148,0,0,0
1.149,0,0,0
1.15,0,0,0
1.151,0,0,0
1.152,0,0,0
1.153,0,0,0
1.154,0,0,0
1.155,0,0,0
1.156,0,0,0
1.157,0,0,0
1.158,0,0,0
1.159,0,0,0
1.16,0,0,0
1.161,0,0,0
1.162,0,0,0
1.163,0,0,0
1.164,0,0,0
1.165,0,0,0
1.166,0,0,0
1.167,0,0,0
1.168,0,0,0
1.169,0,0,0
1.17,0,0,0
1.171,0,0,0
1.172,0,0,0
1.173,0,0,0
1.174,0,0,0
1.175,0,0,0
1.176,0,0,0
1.177,0,0,0
1.178,0,0,0
1.179,0,0,0
1.18,0,0,0
1.181,0,0,0
1.182,0,0,0
1.183,0,0,0
1.184,0,0,0
1.185,0,0,0
1.186,0,0,0
1.187,0,0,0
1.188,0,0,0
1.189,0,0,0
1.19,0,0,0
1.191,0,0,0
1.192,0,0,0
1.193,0,0,0
1.194,0,0,0
1.195,0,0,0
1.196,0,0,0
1.197,0,0,0
1.198,0,0,0
1.199,0,0,0
1.2,0,0,0
1.201,0,0,0
1.202,0,0,0
1.203,0,0,0
1.204,0,0,0
1.205,0,0,0
1.206,0,0,0
1.207,0,0,0
1.208,0,0,0
1.209,0,0,0
1.21,0,0,0
1.211,0,0,0
1.212,0,0,0
1.213,0,0,0
1.214,0,0,0
1.215,0,0,0
1.216,0,0,0
1.217,0,0,0
1.218,0,0,0
1.219,0,0,0
1.22,0,0,0
1.221,0,0,0
1.222,0,0,0
1.223,0,0,0
1.224,0,0,0
1.225,0,0,0
1.226,0,0,0
1.227,0,0,0
1.228,0,0,0
1.229,0,0,0
1.23,0,0,0
1.231,0,0,0
1.232,0,0,0
1.233,0,0,0
1.234,0,0,0
1.235,0,0,0
1.236,0,0,0
1.237,0,0,0
1.238,0,0,0
1.239,0,0,0
1.24,0,0,0
1.241,0,0,0
1.242,0,0,0
1.243,0,0,0
1.244,0,0,0
1.245,0,0,0
1.246,0,0,0
1.247,0,0,0
1.248,0,0,0
1.249,0,0,0
1.25,0,0,0
1.251,0,0,0
1.252,0,0,0
1.253,0,0,0
1.254,0,0,0
1.255,0,0,0
1.256,0,0,0
1.257,0,0,0
1.258,0,0,0
1.259,0,0,0
1.26,0,0,0
1.261,0,0,0
1.262,0,0,0
1.263,0,0,0
1.264,0,0,0
1.265,0,0,0
1.266,0,0,0
1.267,0,0,0
1.268,0,0,0
1.269,0,0,0
1.27,0,0,0
1.271,0,0,0
1.272,0,0,0
1.273,0,0,0
1.274,0,0,0
1.275,0,0,0
1.276,0,0,0
1.277,0,0,0
1.278,0,0,0
1.279,0,0,0
1.28,0,0,0
1.281,0,0,0
1.282,0,0,0
1.283,0,0,0
1.284,0,0,0
1.285,0,0,0
1.286,0,0,0
1.287,0,0,0
1.288,0,0,0
1.289,0,0,0
1.29,0,0,0
1.291,0,0,0
1.292,0,0,0
1.293,0,0,0
1.294,0,0,0
1.295,0,0,0
1.296,0,0,0
1.297,0,0,0
1.298,0,0,0
1.299,0,0,0
1.3,0,0,0
1.301,0,0,0
1.302,0,0,0
1.303,0,0,0
1.304,0,0,0
1.305,0,0,0
1.306,0,0,0
1.307,0,0,0
1.308,0,0,0
1.309,0,0,0
1.31,0,0,0
1.311,0,0,0
1.312,0,0,0
1.313,0,0,0
1.314,0,0,0
1.315,0,0,0
1.316,0,0,0
1.317,0,0,0
1.318,0,0,0
1.319,0,0,0
1.32,0,0,0
1.321,0,0,0
1.322,0,0,0
1.323,0,0,0
1.324,0,0,0
1.325,0,0,0
1.326,0,0,0
1.327,0,0,0
1.328,0,0,0
1.329,0,0,0
1.33,0,0,0
1.331,0,0,0
1.332,0,0,0
1.333,0,0,0
1.334,0,0,0
1.335,0,0,0
1.336,0,0,0
1.337,0,0,0
1.338,0,0,0
1.339,0,0,0
1.34,0,0,0
1.341,0,0,0
1.342,0,0,0
1.343,0,0,0
1.344,0,0,0
1.345,0,0,0
1.346,0,0,0
1.347,0,0,0
1.348,0,0,0
1.349,0,0,0
1.35,0,0,0
1.351,0,0,0
1.352,0,0,0
1.353,0,0,0
1.354,0,0,0
1.355,0,0,0
1.356,0,0,0
1.357,0,0,0
1.358,0,0,0
1.359,0,0,0
1.36,0,0,0
1.361,0,0,0
1.362,0,0,0
1.363,0,0,0
1.364,0,0,0
1.365,0,0,0
1.366,0,0,0
1.367,0,0,0
1.368,0,0,0
1.369,0,0,0
1.37,0,0,0
1.371,0,0,0
1.372,0,0,0
1.373,0,0,0
1.374,0,0,0
1.375,0,0,0
1.376,0,0,0
1.377,0,0,0
1.378,0,0,0
1.379,0,0,0
1.38,0,0,0
1.381,0,0,0
1.382,0,0,0
1.383,0,0,0
1.384,0,0,0
1.385,0,0,0
1.386,0,0,0
1.387,0,0,0
1.388,0,0,0
1.389,0,0,0
1.39,0,0,0
1.391,0,0,0
1.392,0,0,0
1.393,0,0,0
1.394,0,0,0
1.395,0,0,0
1.396,0,0,0
1.397,0,0,0
1.398,0,0,0
1.399,0,0,0
1.4,0,0,0
1.401,0,0,0
1.402,0,0,0
1.403,0,0,0
1.404,0,0,0
1.405,0,0,0
1.406,0,0,0
1.407,0,0,0
1.408,0,0,0
1.409,0,0,0
1.41,0,0,0
1.411,0,0,0
1.412,0,0,0
1.413,0,0,0
1.414,0,0,0
1.415,0,0,0
1.416,0,0,0
1.417,0,0,0
1.418,0,0,0
1.419,0,0,0
1.42,0,0,0
1.421,0,0,0
1.422,0,0,0
1.423,0,0,0
1.424,0,0,0
1.425,0,0,0
1.426,0,0,0
1.427,0,0,0
1.428,0,0,0
1.429,0,0,0
1.43,0,0,0
1.431,0,0,0
1.432,0,0,0
1.433,0,0,0
1.434,0,0,0
1.435,0,0,0
1.436,0,0,0
1.437,0,0,0
1.438,0,0,0
1.439,0,0,0
1.44,0,0,0
1.441,0,0,0
1.442,0,0,0
1.443,0,0,0
1.444,0,0,0
1.445,0,0,0
1.446,0,0,0
1.447,0,0,0
1.448,0,0,0
1.449,0,0,0
1.45,0,0,0
1.451,0,0,0
1.452,0,0,0
1.453,0,0,0
1.454,0,0,0
1.455,0,0,0
1.456,0,0,0
1.457,0,0,0
1.458,0,0,0
1.459,0,0,0
1.46,0,0,0
1.461,0,0,0
1.462,0,0,0
1.463,0,0,0
1.464,0,0,0
1.465,0,0,0
1.466,0,0,0
1.467,0,0,0
1.468,0,0,0
1.469,0,0,0
1.47,0,0,0
1.471,0,0,0
1.472,0,0,0
1.473,0,0,0
1.474,0,0,0
1.475,0,0,0
1.476,0,0,0
1.477,0,0,0
1.478,0,0,0
1.479,0,0,0
1.48,0,0,0
1.481,0,0,0
1.482,0,0,0
1.483,0,0,0
1.484,0,0,0
1.485,0,0,0
1.486,0,0,0
1.487,0,0,0
1.488,0,0,0
1.489,0,0,0
1.49,0,0,0
1.491,0,0,0
1.492,0,0,0
1.493,0,0,0
1.494,0,0,0
1.495,0,0,0
1.496,0,0,0
1.497,0,0,0
1.498,0,0,0
1.499,0,0,0
1.5,0,0,0
1.501,0,0,0
1.502,0,0,0
1.503,0,0,0
1.504,0,0,0
1.505,0,0,0
1.506,0,0,0
1.507,0,0,0
1.508,0,0,0
1.509,0,0,0
1.51,0,0,0
1.511,0,0,0
1.512,0,0,0
1.513,0,0,0
1.514,0,0,0
1.515,0,0,0
1.516,0,0,0
1.517,0,0,0
1.518,0,0,0
1.519,0,0,0
1.52,0,0,0
1.521,0,0,0
1.522,0,0,0
1.523,0,0,0
1.524,0,0,0
1.525,0,0,0
1.526,0,0,0
1.527,0,0,0
1.528,0,0,0
1.529,0,0,0
1.53,0,0,0
1.531,0,0,0
1.532,0,0,0
1.533,0,0,0
1.534,0,0,0
1.535,0,0,0
1.536,0,0,0
1.537,0,0,0
1.538,0,0,0
1.539,0,0,0
1.54,0,0,0
1.541,0,0,0
1.542,0,0,0
1.543,0,0,0
1.544,0,0,0
1.545,0,0,0
1.546,0,0,0
1.547,0,0,0
1.548,0,0,0
1.549,0,0,0
1.55,0,0,0
1.551,0,0,0
1.552,0,0,0
1.553,0,0,0
1.554,0,0,0
1.555,0,0,0
1.556,0,0,0
1.557,0,0,0
1.558,0,0,0
1.559,0,0,0
1.56,0,0,0
1.561,0,0,0
1.562,0,0,0
1.563,0,0,0
1.564,0,0,0
1.565,0,0,0
1.566,0,0,0
1.567,0,0,0
1.568,0,0,0
1.569,0,0,0
1.57,0,0,0
1.571,0,0,0
1.572,0,0,0
1.573,0,0,0
1.574,0,0,0
1.575,0,0,0
1.576,0,0,0
1.577,0,0,0
1.578,0,0,0
1.579,0,0,0
1.58,0,0,0
1.581,0,0,0
1.582,0,0,0
1.583,0,0,0
1.584,0,0,0
1.585,0,0,0
1.586,0,0,0
1.587,0,0,0
1.588,0,0,0
1.589,0,0,0
1.59,0,0,0
1.591,0,0,0
1.592,0,0,0
1.593,0,0,0
1.594,0,0,0
1.595,0,0,0
1.596,0,0,0
1.597,0,0,0
1.598,0,0,0
1.599,0,0,0
1.6,0,0,0
1.601,0,0,0
1.602,0,0,0
1.603,0,0,0
1.604,0,0,0
1.605,0,0,0
1.606,0,0,0
1.607,0,0,0
1.608,0,0,0
1.609,0,0,0
1.61,0,0,0
1.611,0,0,0
1.612,0,0,0
1.613,0,0,0
1.614,0,0,0
1.615,0,0,0
1.616,0,0,0
1.617,0,0,0
1.618,0,0,0
1.619,0,0,0
1.62,0,0,0
1.621,0,0,0
1.622,0,0,0
1.623,0,0,0
1.624,0,0,0
1.625,0,0,0
1.626,0,0,0
1.627,0,0,0
1.628,0,0,0
1.629,0,0,0
1.63,0,0,0
1.631,0,0,0
1.632,0,0,0
1.633,0,0,0
1.634,0,0,0
1.635,0,0,0
1.636,0,0,0
1.637,0,0,0
1.638,0,0,0
1.639,0,0,0
1.64,0,0,0
1.641,0,0,0
1.642,0,0,0
1.643,0,0,0
1.644,0,0,0
1.645,0,0,0
1.646,0,0,0
1.647,0,0,0
1.648,0,0,0
1.649,0,0,0
1.65,0,0,0
1.651,0,0,0
1.652,0,0,0
1.653,0,0,0
1.654,0,0,0
1.655,0,0,0
1.656,0,0,0
1.657,0,0,0
1.658,0,0,0
1.659,0,0,0
1.66,0,0,0
1.661,0,0,0
1.662,0,0,0
1.663,0,0,0
1.664,0,0,0
1.665,0,0,0
1.666,0,0,0
1.667,0,0,0
1.668,0,0,0
1.669,0,0,0
1.67,0,0,0
1.671,0,0,0
1.672,0,0,0
1.673,0,0,0
1.674,0,0,0
1.675,0,0,0
1.676,0,0,0
1.677,0,0,0
1.678,0,0,0
1.679,0,0,0
1.68,0,0,0
1.681,0,0,0
1.682,0,0,0
1.683,0,0,0
1.684,0,0,0
1.685,0,0,0
1.686,0,0,0
1.687,0,0,0
1.688,0,0,0
1.689,0,0,0
1.69,0,0,0
1.691,0,0,0
1.692,0,0,0
1.693,0,0,0
1.694,0,0,0
1.695,0,0,0
1.696,0,0,0
1.697,0,0,0
1.698,0,0,0
1.699,0,0,0
1.7,0,0,0
1.701,0,0,0
1.702,0,0,0
1.703,0,0,0
1.704,0,0,0
1.705,0,0,0
1.706,0,0,0
1.707,0,0,0
1.708,0,0,0
1.709,0,0,0
1.71,0,0,0
1.711,0,0,0
1.712,0,0,0
1.713,0,0,0
1.714,0,0,0
1.715,0,0,0
1.716,0,0,0
1.717,0,0,0
1.718,0,0,0
1.719,0,0,0
1.72,0,0,0
1.721,0,0,0
1.722,0,0,0
1.723,0,0,0
1.724,0,0,0
1.725,0,0,0
1.726,0,0,0
1.727,0,0,0
1.728,0,0,0
1.729,0,0,0
1.73,0,0,0
1.731,0,0,0
1.732,0,0,0
1.733,0,0,0
1.734,0,0,0
1.735,0,0,0
1.736,0,0,0
1.737,0,0,0
1.738,0,0,0
1.739,0,0,0
1.74,0,0,0
1.741,0,0,0
1.742,0,0,0
1.743,0,0,0
1.744,0,0,0
1.745,0,0,0
1.746,0,0,0
1.747,0,0,0
1.748,0,0,0
1.749,0,0,0
1.75,0,0,0
1.751,0,0,0
1.752,0,0,0
1.753,0,0,0
1.754,0,0,0
1.755,0,0,0
1.756,0,0,0
1.757,0,0,0
1.758,0,0,0
1.759,0,0,0
1.76,0,0,0
1.761,0,0,0
1.762,0,0,0
1.763,0,0,0
1.764,0,0,0
1.765,0,0,0
1.766,0,0,0
1.767,0,0,0
1.768,0,0,0
1.769,0,0,0
1.77,0,0,0
1.771,0,0,0
1.772,0,0,0
1.773,0,0,0
1.774,0,0,0
1.775,0,0,0
1.776,0,0,0
1.777,0,0,0
1.778,0,0,0
1.779,0,0,0
1.78,0,0,0
1.781,0,0,0
1.782,0,0,0
1.783,0,0,0
1.784,0,0,0
1.785,0,0,0
1.786,0,0,0
1.787,0,0,0
1.788,0,0,0
1.789,0,0,0
1.79,0,0,0
1.791,0,0,0
1.792,0,0,0
1.793,0,0,0
1.794,0,0,0
1.795,0,0,0
1.796,0,0,0
1.797,0,0,0
1.798,0,0,0
1.799,0,0,0
1.8,0,0,0
1.801,0,0,0
1.802,0,0,0
1.803,0,0,0
1.804,0,0,0
1.805,0,0,0
1.806,0,0,0
1.807,0,0,0
1.808,0,0,0
1.809,0,0,0
1.81,0,0,0
1.811,0,0,0
1.812,0,0,0
1.813,0,0,0
1.814,0,0,0
1.815,0,0,0
1.816,0,0,0
1.817,0,0,0
1.818,0,0,0
1.819,0,0,0
1.82,0,0,0
1.821,0,0,0
1.822,0,0,0
1.823,0,0,0
1.824,0,0,0
1.825,0,0,0
1.826,0,0,0
1.827,0,0,0
1.828,0,0,0
1.829,0,0,0
1.83,0,0,0
1.831,0,0,0
1.832,0,0,0
1.833,0,0,0
1.834,0,0,0
1.835,0,0,0
1.836,0,0,0
1.837,0,0,0
1.838,0,0,0
1.839,0,0,0
1.84,0,0,0
1.841,0,0,0
1.842,0,0,0
1.843,0,0,0
1.844,0,0,0
1.845,0,0,0
1.846,0,0,0
1.847,0,0,0
1.848,0,0,0
1.849,0,0,0
1.85,0,0,0
1.851,0,0,0
1.852,0,0,0
1.853,0,0,0
1.854,0,0,0
1.855,0,0,0
1.856,0,0,0
1.857,0,0,0
1.858,0,0,0
1.859,0,0,0
1.86,0,0,0
1.861,0,0,0
1.862,0,0,0
1.863,0,0,0
1.864,0,0,0
1.865,0,0,0
1.866,0,0,0
1.867,0,0,0
1.868,0,0,0
1.869,0,0,0
1.87,0,0,0
1.871,0,0,0
1.872,0,0,0
1.873,0,0,0
1.874,0,0,0
1.875,0,0,0
1.876,0,0,0
1.877,0,0,0
1.878,0,0,0
1.879,0,0,0
1.88,0,0,0
1.881,0,0,0
1.882,0,0,0
1.883,0,0,0
1.884,0,0,0
1.885,0,0,0
1.886,0,0,0
1.887,0,0,0
1.888,0,0,0
1.889,0,0,0
1.89,0,0,0
1.891,0,0,0
1.892,0,0,0
1.893,0,0,0
1.894,0,0,0
1.895,0,0,0
1.896,0,0,0
1.897,0,0,0
1.898,0,0,0
1.899,0,0,0
1.9,0,0,0
1.901,0,0,0
1.902,0,0,0
1.903,0,0,0
1.904,0,0,0
1.905,0,0,0
1.906,0,0,0
1.907,0,0,0
1.908,0,0,0
1.909,0,0,0
1.91,0,0,0
1.911,0,0,0
1.912,0,0,0
1.913,0,0,0
1.914,0,0,0
1.915,0,0,0
1.916,0,0,0
1.917,0,0,0
1.918,0,0,0
1.919,0,0,0
1.92,0,0,0
1.921,0,0,0
1.922,0,0,0
1.923,0,0,0
1.924,0,0,0
1.925,0,0,0
1.926,0,0,0
1.927,0,0,0
1.928,0,0,0
1.929,0,0,0
1.93,0,0,0
1.931,0,0,0
1.932,0,0,0
1.933,0,0,0
1.934,0,0,0
1.935,0,0,0
1.936,0,0,0
1.937,0,0,0
1.938,0,0,0
1.939,0,0,0
1.94,0,0,0
1.941,0,0,0
1.942,0,0,0
1.943,0,0,0
1.944,0,0,0
1.945,0,0,0
1.946,0,0,0
1.947,0,0,0
1.948,0,0,0
1.949,0,0,0
1.95,0,0,0
1.951,0,0,0
1.952,0,0,0
1.953,0,0,0
1.954,0,0,0
1.955,0,0,0
1.956,0,0,0
1.957,0,0,0
1.958,0,0,0
1.959,0,0,0
1.96,0,0,0
1.961,0,0,0
1.962,0,0,0
1.963,0,0,0
1.964,0,0,0
1.965,0,0,0
1.966,0,0,0
1.967,0,0,0
1.968,0,0,0
1.969,0,0,0
1.97,0,0,0
1.971,0,0,0
1.972,0,0,0
1.973,0,0,0
1.974,0,0,0
1.975,0,0,0
1.976,0,0,0
1.977,0,0,0
1.978,0,0,0
1.979,0,0,0
1.98,0,0,0
1.981,0,0,0
1.982,0,0,0
1.983,0,0,0
1.984,0,0,0
1.985,0,0,0
1.986,0,0,0
1.987,0,0,0
1.988,0,0,0
1.989,0,0,0
1.99,0,0,0
1.991,0,0,0
1.992,0,0,0
1.993,0,0,0
1.994,0,0,0
1.995,0,0,0
1.996,0,0,0
1.997,0,0,0
1.998,0,0,0
1.999,0,-1000,0
2,-1.9735e-06,-1000,-39.405
2.001,-7.7898e-06,-1000,-77.642
2.002,-1.7296e-05,-1000,-114.74
2.003,-3.0343e-05,-1000,-150.73
2.004,-4.6788e-05,-1000,-185.65
2.005,-6.6491e-05,-1000,-219.51
2.006,-8.9316e-05,-1000,-252.35
2.007,-0.00011513,-1000,-284.2
2.008,-0.00014381,-1000,-315.08
2.009,-0.00017523,-1000,-345.02
2.01,-0.00020927,-1000,-374.04
2.011,-0.00024581,-1000,-402.16
2.012,-0.00028475,-1000,-429.42
2.013,-0.00032597,-1000,-455.84
2.014,-0.00036936,-1000,-481.43
2.015,-0.00041483,-1000,-506.22
2.016,-0.00046228,-1000,-530.23
2.017,-0.0005116,-1000,-553.49
2.018,-0.00056271,-1000,-576.01
2.019,-0.00061552,-1000,-597.81
2.02,-0.00066994,-1000,-618.91
2.021,-0.00072588,-1000,-639.34
2.022,-0.00078326,-1000,-659.11
2.023,-0.00084201,-1000,-678.23
2.024,-0.00090204,-1000,-696.73
2.025,-0.00096329,-1000,-714.63
2.026,-0.0010257,-1000,-731.94
2.027,-0.0010891,-1000,-748.67
2.028,-0.0011536,-1000,-764.84
2.029,-0.001219,-1000,-780.48
2.03,-0.0012853,-1000,-795.58
2.031,-0.0013524,-1000,-810.17
2.032,-0.0014203,-1000,-824.27
2.033,-0.0014888,-1000,-837.88
2.034,-0.001558,-1000,-851.02
2.035,-0.0016279,-1000,-863.71
2.036,-0.0016982,-1000,-875.95
2.037,-0.0017691,-1000,-887.76
2.038,-0.0018404,-1000,-899.15
2.039,-0.0019121,-1000,-910.13
2.04,-0.0019841,-1000,-920.72
2.041,-0.0020565,-1000,-930.93
2.042,-0.0021292,-1000,-940.76
2.043,-0.0022021,-1000,-950.23
2.044,-0.0022752,-1000,-959.34
2.045,-0.0023484,-1000,-968.12
2.046,-0.0024218,-1000,-976.56
2.047,-0.0024953,-1000,-984.68
2.048,-0.0025688,-1000,-992.49
2.049,-0.0026424,-1000,-1000
2.05,-0.002716,-1000,-1007.2
2.051,-0.0027895,-1000,-1014.1
2.052,-0.002863,-1000,-1020.8
2.053,-0.0029364,-1000,-1027.2
2.054,-0.0030097,-1000,-1033.3
2.055,-0.0030829,-1000,-1039.2
2.056,-0.0031559,-1000,-1044.8
2.057,-0.0032287,-1000,-1050.2
2.058,-0.0033013,-1000,-1055.3
2.059,-0.0033737,-1000,-1060.2
2.06,-0.0034459,-1000,-1065
2.061,-0.0035178,-1000,-1069.5
2.062,-0.0035894,-1000,-1073.8
2.063,-0.0036607,-1000,-1077.9
2.064,-0.0037318,-1000,-1081.8
2.065,-0.0038025,-1000,-1085.5
2.066,-0.0038728,-1000,-1089
2.067,-0.0039428,-1000,-1092.4
2.068,-0.0040124,-1000,-1095.6
2.069,-0.0040817,-1000,-1098.6
2.07,-0.0041505,-1000,-1101.5
2.071,-0.004219,-1000,-1104.2
2.072,-0.004287,-1000,-1106.8
2.073,-0.0043546,-1000,-1109.3
2.074,-0.0044217,-1000,-1111.6
2.075,-0.0044885,-1000,-1113.7
2.076,-0.0045547,-1000,-1115.8
2.077,-0.0046205,-1000,-1117.7
2.078,-0.0046858,-1000,-1119.5
2.079,-0.0047507,-1000,-1121.1
2.08,-0.0048151,-1000,-1122.7
2.081,-0.0048789,-1000,-1124.1
2.082,-0.0049423,-1000,-1125.5
2.083,-0.0050052,-1000,-1126.7
2.084,-0.0050675,-1000,-1127.9
2.085,-0.0051294,-1000,-1128.9
2.086,-0.0051907,-1000,-1129.9
2.087,-0.0052516,-1000,-1130.8
2.088,-0.0053119,-1000,-1131.5
2.089,-0.0053716,-1000,-1132.2
2.09,-0.0054309,-1000,-1132.9
2.091,-0.0054896,-1000,-1133.4
2.092,-0.0055478,-1000,-1133.9
2.093,-0.0056054,-1000,-1134.3
2.094,-0.0056625,-1000,-1134.6
2.095,-0.0057191,-1000,-1134.9
2.096,-0.0057751,-1000,-1135.1
2.097,-0.0058306,-1000,-1135.2
2.098,-0.0058855,-1000,-1135.3
2.099,-0.0059399,-1000,-1135.3
2.1,-0.0059938,-1000,-1135.3
2.101,-0.0060471,-1000,-1135.2
2.102,-0.0060999,-1000,-1135.1
2.103,-0.0061521,-1000,-1134.9
2.104,-0.0062039,-1000,-1134.7
2.105,-0.006255,-1000,-1134.4
2.106,-0.0063056,-1000,-1134.1
2.107,-0.0063557,-1000,-1133.8
2.108,-0.0064053,-1000,-1133.4
2.109,-0.0064543,-1000,-1133
2.11,-0.0065028,-1000,-1132.5
2.111,-0.0065507,-1000,-1132
2.112,-0.0065982,-1000,-1131.5
2.113,-0.0066451,-1000,-1130.9
2.114,-0.0066915,-1000,-1130.3
2.115,-0.0067373,-1000,-1129.7
2.116,-0.0067827,-1000,-1129.1
2.117,-0.0068275,-1000,-1128.4
2.118,-0.0068718,-1000,-1127.7
2.119,-0.0069156,-1000,-1127
2.12,-0.0069589,-1000,-1126.3
2.121,-0.0070017,-1000,-1125.5
2.122,-0.007044,-1000,-1124.7
2.123,-0.0070857,-1000,-1123.9
2.124,-0.007127,-1000,-1123.1
2.125,-0.0071678,-1000,-1122.3
2.126,-0.0072081,-1000,-1121.5
2.127,-0.007248,-1000,-1120.6
2.128,-0.0072873,-1000,-1119.7
2.129,-0.0073262,-1000,-1118.8
2.13,-0.0073645,-1000,-1117.9
2.131,-0.0074024,-1000,-1117
2.132,-0.0074399,-1000,-1116.1
2.133,-0.0074769,-1000,-1115.2
2.134,-0.0075134,-1000,-1114.2
2.135,-0.0075495,-1000,-1113.3
2.136,-0.0075851,-1000,-1112.4
2.137,-0.0076202,-1000,-1111.4
2.138,-0.0076549,-1000,-1110.4
2.139,-0.0076892,-1000,-1109.5
2.14,-0.0077231,-1000,-1108.5
2.141,-0.0077565,-1000,-1107.5
2.142,-0.0077894,-1000,-1106.5
2.143,-0.007822,-1000,-1105.5
2.144,-0.0078541,-1000,-1104.5
2.145,-0.0078858,-1000,-1103.6
2.146,-0.0079171,-1000,-1102.6
2.147,-0.007948,-1000,-1101.6
2.148,-0.0079784,-1000,-1100.6
2.149,-0.0080085,-1000,-1099.6
2.15,-0.0080382,-1000,-1098.6
2.151,-0.0080675,-1000,-1097.6
2.152,-0.0080964,-1000,-1096.6
2.153,-0.0081249,-1000,-1095.6
2.154,-0.008153,-1000,-1094.6
2.155,-0.0081807,-1000,-1093.6
2.156,-0.0082081,-1000,-1092.6
2.157,-0.0082351,-1000,-1091.6
2.158,-0.0082617,-1000,-1090.7
2.159,-0.008288,-1000,-1089.7
2.16,-0.0083139,-1000,-1088.7
2.161,-0.0083395,-1000,-1087.7
2.162,-0.0083647,-1000,-1086.8
2.163,-0.0083895,-1000,-1085.8
2.164,-0.008414,-1000,-1084.8
2.165,-0.0084382,-1000,-1083.9
2.166,-0.008462,-1000,-1082.9
2.167,-0.0084855,-1000,-1082
2.168,-0.0085087,-1000,-1081
2.169,-0.0085316,-1000,-1080.1
2.17,-0.0085541,-1000,-1079.2
2.171,-0.0085763,-1000,-1078.2
2.172,-0.0085982,-1000,-1077.3
2.173,-0.0086198,-1000,-1076.4
2.174,-0.0086411,-1000,-1075.5
2.175,-0.0086621,-1000,-1074.6
2.176,-0.0086828,-1000,-1073.7
2.177,-0.0087032,-1000,-1072.8
2.178,-0.0087233,-1000,-1071.9
2.179,-0.0087431,-1000,-1071
2.18,-0.0087626,-1000,-1070.2
2.181,-0.0087819,-1000,-1069.3
2.182,-0.0088009,-1000,-1068.4
2.183,-0.0088196,-1000,-1067.6
2.184,-0.008838,-1000,-1066.8
2.185,-0.0088562,-1000,-1065.9
2.186,-0.0088741,-1000,-1065.1
2.187,-0.0088917,-1000,-1064.3
2.188,-0.0089091,-1000,-1063.4
2.189,-0.0089262,-1000,-1062.6
2.19,-0.0089431,-1000,-1061.8
2.191,-0.0089597,-1000,-1061
2.192,-0.0089761,-1000,-1060.3
2.193,-0.0089922,-1000,-1059.5
2.194,-0.0090081,-1000,-1058.7
2.195,-0.0090238,-1000,-1057.9
2.196,-0.0090393,-1000,-1057.2
2.197,-0.0090545,-1000,-1056.4
2.198,-0.0090695,-1000,-1055.7
2.199,-0.0090842,-1000,-1054.9
2.2,-0.0090988,-1000,-1054.2
2.201,-0.0091131,-1000,-1053.5
2.202,-0.0091272,-1000,-1052.8
2.203,-0.0091411,-1000,-1052.1
2.204,-0.0091548,-1000,-1051.4
2.205,-0.0091683,-1000,-1050.7
2.206,-0.0091816,-1000,-1050
2.207,-0.0091947,-1000,-1049.3
2.208,-0.0092075,-1000,-1048.6
2.209,-0.0092202,-1000,-1048
2.21,-0.0092327,-1000,-1047.3
2.211,-0.009245,-1000,-1046.7
2.212,-0.0092572,-1000,-1046
2.213,-0.0092691,-1000,-1045.4
2.214,-0.0092809,-1000,-1044.8
2.215,-0.0092924,-1000,-1044.2
2.216,-0.0093038,-1000,-1043.5
2.217,-0.0093151,-1000,-1042.9
2.218,-0.0093261,-1000,-1042.3
2.219,-0.009337,-1000,-1041.7
2.22,-0.0093477,-1000,-1041.2
2.221,-0.0093583,-1000,-1040.6
2.222,-0.0093687,-1000,-1040
2.223,-0.0093789,-1000,-1039.4
2.224,-0.009389,-1000,-1038.9
2.225,-0.0093989,-1000,-1038.3
2.226,-0.0094087,-1000,-1037.8
2.227,-0.0094183,-1000,-1037.2
2.228,-0.0094278,-1000,-1036.7
2.229,-0.0094371,-1000,-1036.2
2.23,-0.0094463,-1000,-1035.7
2.231,-0.0094553,-1000,-1035.2
2.232,-0.0094642,-1000,-1034.6
2.233,-0.009473,-1000,-1034.1
2.234,-0.0094816,-1000,-1033.7
2.235,-0.0094901,-1000,-1033.2
2.236,-0.0094984,-1000,-1032.7
2.237,-0.0095066,-1000,-1032.2
2.238,-0.0095147,-1000,-1031.7
2.239,-0.0095227,-1000,-1031.3
2.24,-0.0095305,-1000,-1030.8
2.241,-0.0095382,-1000,-1030.4
2.242,-0.0095458,-1000,-1029.9
2.243,-0.0095533,-1000,-1029.5
2.244,-0.0095607,-1000,-1029
2.245,-0.0095679,-1000,-1028.6
2.246,-0.009575,-1000,-1028.2
2.247,-0.009582,-1000,-1027.8
2.248,-0.0095889,-1000,-1027.4
2.249,-0.0095957,-1000,-1027
2.25,-0.0096024,-1000,-1026.6
2.251,-0.009609,-1000,-1026.2
2.252,-0.0096155,-1000,-1025.8
2.253,-0.0096218,-1000,-1025.4
2.254,-0.0096281,-1000,-1025
2.255,-0.0096343,-1000,-1024.6
2.256,-0.0096403,-1000,-1024.3
2.257,-0.0096463,-1000,-1023.9
2.258,-0.0096522,-1000,-1023.5
2.259,-0.009658,-1000,-1023.2
2.26,-0.0096637,-1000,-1022.8
2.261,-0.0096693,-1000,-1022.5
2.262,-0.0096748,-1000,-1022.1
2.263,-0.0096802,-1000,-1021.8
2.264,-0.0096855,-1000,-1021.5
2.265,-0.0096908,-1000,-1021.1
2.266,-0.0096959,-1000,-1020.8
2.267,-0.009701,-1000,-1020.5
2.268,-0.009706,-1000,-1020.2
2.269,-0.0097109,-1000,-1019.9
2.27,-0.0097158,-1000,-1019.6
2.271,-0.0097205,-1000,-1019.3
2.272,-0.0097252,-1000,-1019
2.273,-0.0097298,-1000,-1018.7
2.274,-0.0097344,-1000,-1018.4
2.275,-0.0097388,-1000,-1018.1
2.276,-0.0097432,-1000,-1017.8
2.277,-0.0097475,-1000,-1017.6
2.278,-0.0097518,-1000,-1017.3
2.279,-0.0097559,-1000,-1017
2.28,-0.00976,-1000,-1016.7
2.281,-0.0097641,-1000,-1016.5
2.282,-0.0097681,-1000,-1016.2
2.283,-0.009772,-1000,-1016
2.284,-0.0097758,-1000,-1015.7
2.285,-0.0097796,-1000,-1015.5
2.286,-0.0097833,-1000,-1015.2
2.287,-0.009787,-1000,-1015
2.288,-0.0097906,-1000,-1014.8
2.289,-0.0097941,-1000,-1014.5
2.29,-0.0097976,-1000,-1014.3
2.291,-0.009801,-1000,-1014.1
2.292,-0.0098044,-1000,-1013.9
2.293,-0.0098077,-1000,-1013.6
2.294,-0.009811,-1000,-1013.4
2.295,-0.0098142,-1000,-1013.2
2.296,-0.0098173,-1000,-1013
2.297,-0.0098204,-1000,-1012.8
2.298,-0.0098235,-1000,-1012.6
2.299,-0.0098265,-1000,-1012.4
2.3,-0.0098294,-1000,-1012.2
2.301,-0.0098323,-1000,-1012
2.302,-0.0098352,-1000,-1011.8
2.303,-0.009838,-1000,-1011.6
2.304,-0.0098408,-1000,-1011.4
2.305,-0.0098435,-1000,-1011.3
2.306,-0.0098461,-1000,-1011.1
2.307,-0.0098488,-1000,-1010.9
2.308,-0.0098513,-1000,-1010.7
2.309,-0.0098539,-1000,-1010.6
2.31,-0.0098564,-1000,-1010.4
2.311,-0.0098588,-1000,-1010.2
2.312,-0.0098612,-1000,-1010.1
2.313,-0.0098636,-1000,-1009.9
2.314,-0.0098659,-1000,-1009.7
2.315,-0.0098682,-1000,-1009.6
2.316,-0.0098705,-1000,-1009.4
2.317,-0.0098727,-1000,-1009.3
2.318,-0.0098749,-1000,-1009.1
2.319,-0.009877,-1000,-1009
2.32,-0.0098792,-1000,-1008.8
2.321,-0.0098812,-1000,-1008.7
2.322,-0.0098833,-1000,-1008.5
2.323,-0.0098853,-1000,-1008.4
2.324,-0.0098872,-1000,-1008.3
2.325,-0.0098892,-1000,-1008.1
2.326,-0.0098911,-1000,-1008
2.327,-0.009893,-1000,-1007.9
2.328,-0.0098948,-1000,-1007.7
2.329,-0.0098966,-1000,-1007.6
2.33,-0.0098984,-1000,-1007.5
2.331,-0.0099001,-1000,-1007.4
2.332,-0.0099019,-1000,-1007.3
2.333,-0.0099036,-1000,-1007.1
2.334,-0.0099052,-1000,-1007
2.335,-0.0099069,-1000,-1006.9
2.336,-0.0099085,-1000,-1006.8
2.337,-0.00991,-1000,-1006.7
2.338,-0.0099116,-1000,-1006.6
2.339,-0.0099131,-1000,-1006.5
2.34,-0.0099146,-1000,-1006.4
2.341,-0.0099161,-1000,-1006.2
2.342,-0.0099176,-1000,-1006.1
2.343,-0.009919,-1000,-1006
2.344,-0.0099204,-1000,-1005.9
2.345,-0.0099218,-1000,-1005.8
2.346,-0.0099231,-1000,-1005.8
2.347,-0.0099245,-1000,-1005.7
2.348,-0.0099258,-1000,-1005.6
2.349,-0.009927,-1000,-1005.5
2.35,-0.0099283,-1000,-1005.4
2.351,-0.0099296,-1000,-1005.3
2.352,-0.0099308,-1000,-1005.2
2.353,-0.009932,-1000,-1005.1
2.354,-0.0099332,-1000,-1005
2.355,-0.0099343,-1000,-1004.9
2.356,-0.0099355,-1000,-1004.9
2.357,-0.0099366,-1000,-1004.8
2.358,-0.0099377,-1000,-1004.7
2.359,-0.0099388,-1000,-1004.6
2.36,-0.0099398,-1000,-1004.6
2.361,-0.0099409,-1000,-1004.5
2.362,-0.0099419,-1000,-1004.4
2.363,-0.0099429,-1000,-1004.3
2.364,-0.0099439,-1000,-1004.3
2.365,-0.0099449,-1000,-1004.2
2.366,-0.0099459,-1000,-1004.1
2.367,-0.0099468,-1000,-1004
2.368,-0.0099477,-1000,-1004
2.369,-0.0099487,-1000,-1003.9
2.37,-0.0099496,-1000,-1003.8
2.371,-0.0099504,-1000,-1003.8
2.372,-0.0099513,-1000,-1003.7
2.373,-0.0099522,-1000,-1003.7
2.374,-0.009953,-1000,-1003.6
2.375,-0.0099538,-1000,-1003.5
2.376,-0.0099546,-1000,-1003.5
2.377,-0.0099554,-1000,-1003.4
2.378,-0.0099562,-1000,-1003.4
2.379,-0.009957,-1000,-1003.3
2.38,-0.0099577,-1000,-1003.2
2.381,-0.0099585,-1000,-1003.2
2.382,-0.0099592,-1000,-1003.1
2.383,-0.0099599,-1000,-1003.1
2.384,-0.0099606,-1000,-1003
2.385,-0.0099613,-1000,-1003
2.386,-0.009962,-1000,-1002.9
2.387,-0.0099626,-1000,-1002.9
2.388,-0.0099633,-1000,-1002.8
2.389,-0.0099639,-1000,-1002.8
2.39,-0.0099646,-1000,-1002.7
2.391,-0.0099652,-1000,-1002.7
2.392,-0.0099658,-1000,-1002.6
2.393,-0.0099664,-1000,-1002.6
2.394,-0.009967,-1000,-1002.6
2.395,-0.0099676,-1000,-1002.5
2.396,-0.0099682,-1000,-1002.5
2.397,-0.0099687,-1000,-1002.4
2.398,-0.0099693,-1000,-1002.4
2.399,-0.0099698,-1000,-1002.3
2.4,-0.0099703,-1000,-1002.3
2.401,-0.0099709,-1000,-1002.3
2.402,-0.0099714,-1000,-1002.2
2.403,-0.0099719,-1000,-1002.2
2.404,-0.0099724,-1000,-1002.2
2.405,-0.0099729,-1000,-1002.1
2.406,-0.0099733,-1000,-1002.1
2.407,-0.0099738,-1000,-1002
2.408,-0.0099743,-1000,-1002
2.409,-0.0099747,-1000,-1002
2.41,-0.0099752,-1000,-1001.9
2.411,-0.0099756,-1000,-1001.9
2.412,-0.009976,-1000,-1001.9
2.413,-0.0099765,-1000,-1001.8
2.414,-0.0099769,-1000,-1001.8
2.415,-0.0099773,-1000,-1001.8
2.416,-0.0099777,-1000,-1001.8
2.417,-0.0099781,-1000,-1001.7
2.418,-0.0099785,-1000,-1001.7
2.419,-0.0099789,-1000,-1001.7
2.42,-0.0099792,-1000,-1001.6
2.421,-0.0099796,-1000,-1001.6
2.422,-0.00998,-1000,-1001.6
2.423,-0.0099803,-1000,-1001.6
2.424,-0.0099807,-1000,-1001.5
2.425,-0.009981,-1000,-1001.5
2.426,-0.0099814,-1000,-1001.5
2.427,-0.0099817,-1000,-1001.4
2.428,-0.009982,-1000,-1001.4
2.429,-0.0099823,-1000,-1001.4
2.43,-0.0099826,-1000,-1001.4
2.431,-0.0099829,-1000,-1001.4
2.432,-0.0099833,-1000,-1001.3
2.433,-0.0099835,-1000,-1001.3
2.434,-0.0099838,-1000,-1001.3
2.435,-0.0099841,-1000,-1001.3
2.436,-0.0099844,-1000,-1001.2
2.437,-0.0099847,-1000,-1001.2
2.438,-0.009985,-1000,-1001.2
2.439,-0.0099852,-1000,-1001.2
2.44,-0.0099855,-1000,-1001.2
2.441,-0.0099857,-1000,-1001.1
2.442,-0.009986,-1000,-1001.1
2.443,-0.0099863,-1000,-1001.1
2.444,-0.0099865,-1000,-1001.1
2.445,-0.0099867,-1000,-1001.1
2.446,-0.009987,-1000,-1001
2.447,-0.0099872,-1000,-1001
2.448,-0.0099874,-1000,-1001
2.449,-0.0099877,-1000,-1001
2.45,-0.0099879,-1000,-1001
2.451,-0.0099881,-1000,-1001
2.452,-0.0099883,-1000,-1000.9
2.453,-0.0099885,-1000,-1000.9
2.454,-0.0099887,-1000,-1000.9
2.455,-0.0099889,-1000,-1000.9
2.456,-0.0099891,-1000,-1000.9
2.457,-0.0099893,-1000,-1000.9
2.458,-0.0099895,-1000,-1000.8
2.459,-0.0099897,-1000,-1000.8
2.46,-0.0099899,-1000,-1000.8
2.461,-0.0099901,-1000,-1000.8
2.462,-0.0099902,-1000,-1000.8
2.463,-0.0099904,-1000,-1000.8
2.464,-0.0099906,-1000,-1000.8
2.465,-0.0099908,-1000,-1000.7
2.466,-0.0099909,-1000,-1000.7
2.467,-0.0099911,-1000,-1000.7
2.468,-0.0099912,-1000,-1000.7
2.469,-0.0099914,-1000,-1000.7
2.47,-0.0099916,-1000,-1000.7
2.471,-0.0099917,-1000,-1000.7
2.472,-0.0099919,-1000,-1000.7
2.473,-0.009992,-1000,-1000.6
2.474,-0.0099921,-1000,-1000.6
2.475,-0.0099923,-1000,-1000.6
2.476,-0.0099924,-1000,-1000.6
2.477,-0.0099926,-1000,-1000.6
2.478,-0.0099927,-1000,-1000.6
2.479,-0.0099928,-1000,-1000.6
2.48,-0.0099929,-1000,-1000.6
2.481,-0.0099931,-1000,-1000.6
2.482,-0.0099932,-1000,-1000.6
2.483,-0.0099933,-1000,-1000.5
2.484,-0.0099934,-1000,-1000.5
2.485,-0.0099936,-1000,-1000.5
2.486,-0.0099937,-1000,-1000.5
2.487,-0.0099938,-1000,-1000.5
2.488,-0.0099939,-1000,-1000.5
2.489,-0.009994,-1000,-1000.5
2.49,-0.0099941,-1000,-1000.5
2.491,-0.0099942,-1000,-1000.5
2.492,-0.0099943,-1000,-1000.5
2.493,-0.0099944,-1000,-1000.5
2.494,-0.0099945,-1000,-1000.4
2.495,-0.0099946,-1000,-1000.4
2.496,-0.0099947,-1000,-1000.4
2.497,-0.0099948,-1000,-1000.4
2.498,-0.0099949,-1000,-1000.4
2.499,-0.009995,-1000,-1000.4
2.5,-0.0099951,-1000,-1000.4
2.501,-0.0099952,-1000,-1000.4
2.502,-0.0099953,-1000,-1000.4
2.503,-0.0099954,-1000,-1000.4
2.504,-0.0099954,-1000,-1000.4
2.505,-0.0099955,-1000,-1000.4
2.506,-0.0099956,-1000,-1000.4
2.507,-0.0099957,-1000,-1000.4
2.508,-0.0099958,-1000,-1000.3
2.509,-0.0099958,-1000,-1000.3
2.51,-0.0099959,-1000,-1000.3
2.511,-0.009996,-1000,-1000.3
2.512,-0.0099961,-1000,-1000.3
2.513,-0.0099961,-1000,-1000.3
2.514,-0.0099962,-1000,-1000.3
2.515,-0.0099963,-1000,-1000.3
2.516,-0.0099963,-1000,-1000.3
2.517,-0.0099964,-1000,-1000.3
2.518,-0.0099965,-1000,-1000.3
2.519,-0.0099965,-1000,-1000.3
2.52,-0.0099966,-1000,-1000.3
2.521,-0.0099967,-1000,-1000.3
2.522,-0.0099967,-1000,-1000.3
2.523,-0.0099968,-1000,-1000.3
2.524,-0.0099968,-1000,-1000.3
2.525,-0.0099969,-1000,-1000.3
2.526,-0.0099969,-1000,-1000.3
2.527,-0.009997,-1000,-1000.2
2.528,-0.0099971,-1000,-1000.2
2.529,-0.0099971,-1000,-1000.2
2.53,-0.0099972,-1000,-1000.2
2.531,-0.0099972,-1000,-1000.2
2.532,-0.0099973,-1000,-1000.2
2.533,-0.0099973,-1000,-1000.2
2.534,-0.0099974,-1000,-1000.2
2.535,-0.0099974,-1000,-1000.2
2.536,-0.0099975,-1000,-1000.2
2.537,-0.0099975,-1000,-1000.2
2.538,-0.0099975,-1000,-1000.2
2.539,-0.0099976,-1000,-1000.2
2.54,-0.0099976,-1000,-1000.2
2.541,-0.0099977,-1000,-1000.2
2.542,-0.0099977,-1000,-1000.2
2.543,-0.0099978,-1000,-1000.2
2.544,-0.0099978,-1000,-1000.2
2.545,-0.0099978,-1000,-1000.2
2.546,-0.0099979,-1000,-1000.2
2.547,-0.0099979,-1000,-1000.2
2.548,-0.009998,-1000,-1000.2
2.549,-0.009998,-1000,-1000.2
2.55,-0.009998,-1000,-1000.2
2.551,-0.0099981,-1000,-1000.2
2.552,-0.0099981,-1000,-1000.2
2.553,-0.0099981,-1000,-1000.2
2.554,-0.0099982,-1000,-1000.2
2.555,-0.0099982,-1000,-1000.1
2.556,-0.0099982,-1000,-1000.1
2.557,-0.0099983,-1000,-1000.1
2.558,-0.0099983,-1000,-1000.1
2.559,-0.0099983,-1000,-1000.1
2.56,-0.0099984,-1000,-1000.1
2.561,-0.0099984,-1000,-1000.1
2.562,-0.0099984,-1000,-1000.1
2.563,-0.0099984,-1000,-1000.1
2.564,-0.0099985,-1000,-1000.1
2.565,-0.0099985,-1000,-1000.1
2.566,-0.0099985,-1000,-1000.1
2.567,-0.0099986,-1000,-1000.1
2.568,-0.0099986,-1000,-1000.1
2.569,-0.0099986,-1000,-1000.1
2.57,-0.0099986,-1000,-1000.1
2.571,-0.0099987,-1000,-1000.1
2.572,-0.0099987,-1000,-1000.1
2.573,-0.0099987,-1000,-1000.1
2.574,-0.0099987,-1000,-1000.1
2.575,-0.0099988,-1000,-1000.1
2.576,-0.0099988,-1000,-1000.1
2.577,-0.0099988,-1000,-1000.1
2.578,-0.0099988,-1000,-1000.1
2.579,-0.0099988,-1000,-1000.1
2.58,-0.0099989,-1000,-1000.1
2.581,-0.0099989,-1000,-1000.1
2.582,-0.0099989,-1000,-1000.1
2.583,-0.0099989,-1000,-1000.1
2.584,-0.0099989,-1000,-1000.1
2.585,-0.009999,-1000,-1000.1
2.586,-0.009999,-1000,-1000.1
2.587,-0.009999,-1000,-1000.1
2.588,-0.009999,-1000,-1000.1
2.589,-0.009999,-1000,-1000.1
2.59,-0.0099991,-1000,-1000.1
2.591,-0.0099991,-1000,-1000.1
2.592,-0.0099991,-1000,-1000.1
2.593,-0.0099991,-1000,-1000.1
2.594,-0.0099991,-1000,-1000.1
2.595,-0.0099991,-1000,-1000.1
2.596,-0.0099992,-1000,-1000.1
2.597,-0.0099992,-1000,-1000.1
2.598,-0.0099992,-1000,-1000.1
2.599,-0.0099992,-1000,-1000.1
2.6,-0.0099992,-1000,-1000.1
2.601,-0.0099992,-1000,-1000.1
2.602,-0.0099992,-1000,-1000.1
2.603,-0.0099993,-1000,-1000.1
2.604,-0.0099993,-1000,-1000.1
2.605,-0.0099993,-1000,-1000.1
2.606,-0.0099993,-1000,-1000.1
2.607,-0.0099993,-1000,-1000.1
2.608,-0.0099993,-1000,-1000.1
2.609,-0.0099993,-1000,-1000.1
2.61,-0.0099993,-1000,-1000.1
2.611,-0.0099994,-1000,-1000.1
2.612,-0.0099994,-1000,-1000.1
2.613,-0.0099994,-1000,-1000.1
2.614,-0.0099994,-1000,-1000.1
2.615,-0.0099994,-1000,-1000.1
2.616,-0.0099994,-1000,-1000
2.617,-0.0099994,-1000,-1000
2.618,-0.0099994,-1000,-1000
2.619,-0.0099994,-1000,-1000
2.62,-0.0099995,-1000,-1000
2.621,-0.0099995,-1000,-1000
2.622,-0.0099995,-1000,-1000
2.623,-0.0099995,-1000,-1000
2.624,-0.0099995,-1000,-1000
2.625,-0.0099995,-1000,-1000
2.626,-0.0099995,-1000,-1000
2.627,-0.0099995,-1000,-1000
2.628,-0.0099995,-1000,-1000
2.629,-0.0099995,-1000,-1000
2.63,-0.0099995,-1000,-1000
2.631,-0.0099996,-1000,-1000
2.632,-0.0099996,-1000,-1000
2.633,-0.0099996,-1000,-1000
2.634,-0.0099996,-1000,-1000
2.635,-0.0099996,-1000,-1000
2.636,-0.0099996,-1000,-1000
2.637,-0.0099996,-1000,-1000
2.638,-0.0099996,-1000,-1000
2.639,-0.0099996,-1000,-1000
2.64,-0.0099996,-1000,-1000
2.641,-0.0099996,-1000,-1000
2.642,-0.0099996,-1000,-1000
2.643,-0.0099996,-1000,-1000
2.644,-0.0099997,-1000,-1000
2.645,-0.0099997,-1000,-1000
2.646,-0.0099997,-1000,-1000
2.647,-0.0099997,-1000,-1000
2.648,-0.0099997,-1000,-1000
2.649,-0.0099997,-1000,-1000
2.65,-0.0099997,-1000,-1000
2.651,-0.0099997,-1000,-1000
2.652,-0.0099997,-1000,-1000
2.653,-0.0099997,-1000,-1000
2.654,-0.0099997,-1000,-1000
2.655,-0.0099997,-1000,-1000
2.656,-0.0099997,-1000,-1000
2.657,-0.0099997,-1000,-1000
2.658,-0.0099997,-1000,-1000
2.659,-0.0099997,-1000,-1000
2.66,-0.0099997,-1000,-1000
2.661,-0.0099997,-1000,-1000
2.662,-0.0099998,-1000,-1000
2.663,-0.0099998,-1000,-1000
2.664,-0.0099998,-1000,-1000
2.665,-0.0099998,-1000,-1000
2.666,-0.0099998,-1000,-1000
2.667,-0.0099998,-1000,-1000
2.668,-0.0099998,-1000,-1000
2.669,-0.0099998,-1000,-1000
2.67,-0.0099998,-1000,-1000
2.671,-0.0099998,-1000,-1000
2.672,-0.0099998,-1000,-1000
2.673,-0.0099998,-1000,-1000
2.674,-0.0099998,-1000,-1000
2.675,-0.0099998,-1000,-1000
2.676,-0.0099998,-1000,-1000
2.677,-0.0099998,-1000,-1000
2.678,-0.0099998,-1000,-1000
2.679,-0.0099998,-1000,-1000
2.68,-0.0099998,-1000,-1000
2.681,-0.0099998,-1000,-1000
2.682,-0.0099998,-1000,-1000
2.683,-0.0099998,-1000,-1000
2.684,-0.0099998,-1000,-1000
2.685,-0.0099998,-1000,-1000
2.686,-0.0099998,-1000,-1000
2.687,-0.0099998,-1000,-1000
2.688,-0.0099998,-1000,-1000
2.689,-0.0099998,-1000,-1000
2.69,-0.0099999,-1000,-1000
2.691,-0.0099999,-1000,-1000
2.692,-0.0099999,-1000,-1000
2.693,-0.0099999,-1000,-1000
2.694,-0.0099999,-1000,-1000
2.695,-0.0099999,-1000,-1000
2.696,-0.0099999,-1000,-1000
2.697,-0.0099999,-1000,-1000
2.698,-0.0099999,-1000,-1000
2.699,-0.0099999,-1000,-1000
2.7,-0.0099999,-1000,-1000
2.701,-0.0099999,-1000,-1000
2.702,-0.0099999,-1000,-1000
2.703,-0.0099999,-1000,-1000
2.704,-0.0099999,-1000,-1000
2.705,-0.0099999,-1000,-1000
2.706,-0.0099999,-1000,-1000
2.707,-0.0099999,-1000,-1000
2.708,-0.0099999,-1000,-1000
2.709,-0.0099999,-1000,-1000
2.71,-0.0099999,-1000,-1000
2.711,-0.0099999,-1000,-1000
2.712,-0.0099999,-1000,-1000
2.713,-0.0099999,-1000,-1000
2.714,-0.0099999,-1000,-1000
2.715,-0.0099999,-1000,-1000
2.716,-0.0099999,-1000,-1000
2.717,-0.0099999,-1000,-1000
2.718,-0.0099999,-1000,-1000
2.719,-0.0099999,-1000,-1000
2.72,-0.0099999,-1000,-1000
2.721,-0.0099999,-1000,-1000
2.722,-0.0099999,-1000,-1000
2.723,-0.0099999,-1000,-1000
2.724,-0.0099999,-1000,-1000
2.725,-0.0099999,-1000,-1000
2.726,-0.0099999,-1000,-1000
2.727,-0.0099999,-1000,-1000
2.728,-0.0099999,-1000,-1000
2.729,-0.0099999,-1000,-1000
2.73,-0.0099999,-1000,-1000
2.731,-0.0099999,-1000,-1000
2.732,-0.0099999,-1000,-1000
2.733,-0.0099999,-1000,-1000
2.734,-0.0099999,-1000,-1000
2.735,-0.0099999,-1000,-1000
2.736,-0.0099999,-1000,-1000
2.737,-0.0099999,-1000,-1000
2.738,-0.0099999,-1000,-1000
2.739,-0.0099999,-1000,-1000
2.74,-0.0099999,-1000,-1000
2.741,-0.0099999,-1000,-1000
2.742,-0.0099999,-1000,-1000
2.743,-0.0099999,-1000,-1000
2.744,-0.0099999,-1000,-1000
2.745,-0.0099999,-1000,-1000
2.746,-0.0099999,-1000,-1000
2.747,-0.0099999,-1000,-1000
2.748,-0.01,-1000,-1000
2.749,-0.01,-1000,-1000
2.75,-0.01,-1000,-1000
2.751,-0.01,-1000,-1000
2.752,-0.01,-1000,-1000
2.753,-0.01,-1000,-1000
2.754,-0.01,-1000,-1000
2.755,-0.01,-1000,-1000
2.756,-0.01,-1000,-1000
2.757,-0.01,-1000,-1000
2.758,-0.01,-1000,-1000
2.759,-0.01,-1000,-1000
2.76,-0.01,-1000,-1000
2.761,-0.01,-1000,-1000
2.762,-0.01,-1000,-1000
2.763,-0.01,-1000,-1000
2.764,-0.01,-1000,-1000
2.765,-0.01,-1000,-1000
2.766,-0.01,-1000,-1000
2.767,-0.01,-1000,-1000
2.768,-0.01,-1000,-1000
2.769,-0.01,-1000,-1000
2.77,-0.01,-1000,-1000
2.771,-0.01,-1000,-1000
2.772,-0.01,-1000,-1000
2.773,-0.01,-1000,-1000
2.774,-0.01,-1000,-1000
2.775,-0.01,-1000,-1000
2.776,-0.01,-1000,-1000
2.777,-0.01,-1000,-1000
2.778,-0.01,-1000,-1000
2.779,-0.01,-1000,-1000
2.78,-0.01,-1000,-1000
2.781,-0.01,-1000,-1000
2.782,-0.01,-1000,-1000
2.783,-0.01,-1000,-1000
2.784,-0.01,-1000,-1000
2.785,-0.01,-1000,-1000
2.786,-0.01,-1000,-1000
2.787,-0.01,-1000,-1000
2.788,-0.01,-1000,-1000
2.789,-0.01,-1000,-1000
2.79,-0.01,-1000,-1000
2.791,-0.01,-1000,-1000
2.792,-0.01,-1000,-1000
2.793,-0.01,-1000,-1000
2.794,-0.01,-1000,-1000
2.795,-0.01,-1000,-1000
2.796,-0.01,-1000,-1000
2.797,-0.01,-1000,-1000
2.798,-0.01,-1000,-1000
2.799,-0.01,-1000,-1000
2.8,-0.01,-1000,-1000
2.801,-0.01,-1000,-1000
2.802,-0.01,-1000,-1000
2.803,-0.01,-1000,-1000
2.804,-0.01,-1000,-1000
2.805,-0.01,-1000,-1000
2.806,-0.01,-1000,-1000
2.807,-0.01,-1000,-1000
2.808,-0.01,-1000,-1000
2.809,-0.01,-1000,-1000
2.81,-0.01,-1000,-1000
2.811,-0.01,-1000,-1000
2.812,-0.01,-1000,-1000
2.813,-0.01,-1000,-1000
2.814,-0.01,-1000,-1000
2.815,-0.01,-1000,-1000
2.816,-0.01,-1000,-1000
2.817,-0.01,-1000,-1000
2.818,-0.01,-1000,-1000
2.819,-0.01,-1000,-1000
2.82,-0.01,-1000,-1000
2.821,-0.01,-1000,-1000
2.822,-0.01,-1000,-1000
2.823,-0.01,-1000,-1000
2.824,-0.01,-1000,-1000
2.825,-0.01,-1000,-1000
2.826,-0.01,-1000,-1000
2.827,-0.01,-1000,-1000
2.828,-0.01,-1000,-1000
2.829,-0.01,-1000,-1000
2.83,-0.01,-1000,-1000
2.831,-0.01,-1000,-1000
2.832,-0.01,-1000,-1000
2.833,-0.01,-1000,-1000
2.834,-0.01,-1000,-1000
2.835,-0.01,-1000,-1000
2.836,-0.01,-1000,-1000
2.837,-0.01,-1000,-1000
2.838,-0.01,-1000,-1000
2.839,-0.01,-1000,-1000
2.84,-0.01,-1000,-1000
2.841,-0.01,-1000,-1000
2.842,-0.01,-1000,-1000
2.843,-0.01,-1000,-1000
2.844,-0.01,-1000,-1000
2.845,-0.01,-1000,-1000
2.846,-0.01,-1000,-1000
2.847,-0.01,-1000,-1000
2.848,-0.01,-1000,-1000
2.849,-0.01,-1000,-1000
2.85,-0.01,-1000,-1000
2.851,-0.01,-1000,-1000
2.852,-0.01,-1000,-1000
2.853,-0.01,-1000,-1000
2.854,-0.01,-1000,-1000
2.855,-0.01,-1000,-1000
2.856,-0.01,-1000,-1000
2.857,-0.01,-1000,-1000
2.858,-0.01,-1000,-1000
2.859,-0.01,-1000,-1000
2.86,-0.01,-1000,-1000
2.861,-0.01,-1000,-1000
2.862,-0.01,-1000,-1000
2.863,-0.01,-1000,-1000
2.864,-0.01,-1000,-1000
2.865,-0.01,-1000,-1000
2.866,-0.01,-1000,-1000
2.867,-0.01,-1000,-1000
2.868,-0.01,-1000,-1000
2.869,-0.01,-1000,-1000
2.87,-0.01,-1000,-1000
2.871,-0.01,-1000,-1000
2.872,-0.01,-1000,-1000
2.873,-0.01,-1000,-1000
2.874,-0.01,-1000,-1000
2.875,-0.01,-1000,-1000
2.876,-0.01,-1000,-1000
2.877,-0.01,-1000,-1000
2.878,-0.01,-1000,-1000
2.879,-0.01,-1000,-1000
2.88,-0.01,-1000,-1000
2.881,-0.01,-1000,-1000
2.882,-0.01,-1000,-1000
2.883,-0.01,-1000,-1000
2.884,-0.01,-1000,-1000
2.885,-0.01,-1000,-1000
2.886,-0.01,-1000,-1000
2.887,-0.01,-1000,-1000
2.888,-0.01,-1000,-1000
2.889,-0.01,-1000,-1000
2.89,-0.01,-1000,-1000
2.891,-0.01,-1000,-1000
2.892,-0.01,-1000,-1000
2.893,-0.01,-1000,-1000
2.894,-0.01,-1000,-1000
2.895,-0.01,-1000,-1000
2.896,-0.01,-1000,-1000
2.897,-0.01,-1000,-1000
2.898,-0.01,-1000,-1000
2.899,-0.01,-1000,-1000
2.9,-0.01,-1000,-1000
2.901,-0.01,-1000,-1000
2.902,-0.01,-1000,-1000
2.903,-0.01,-1000,-1000
2.904,-0.01,-1000,-1000
2.905,-0.01,-1000,-1000
2.906,-0.01,-1000,-1000
2.907,-0.01,-1000,-1000
2.908,-0.01,-1000,-1000
2.909,-0.01,-1000,-1000
2.91,-0.01,-1000,-1000
2.911,-0.01,-1000,-1000
2.912,-0.01,-1000,-1000
2.913,-0.01,-1000,-1000
2.914,-0.01,-1000,-1000
2.915,-0.01,-1000,-1000
2.916,-0.01,-1000,-1000
2.917,-0.01,-1000,-1000
2.918,-0.01,-1000,-1000
2.919,-0.01,-1000,-1000
2.92,-0.01,-1000,-1000
2.921,-0.01,-1000,-1000
2.922,-0.01,-1000,-1000
2.923,-0.01,-1000,-1000
2.924,-0.01,-1000,-1000
2.925,-0.01,-1000,-1000
2.926,-0.01,-1000,-1000
2.927,-0.01,-1000,-1000
2.928,-0.01,-1000,-1000
2.929,-0.01,-1000,-1000
2.93,-0.01,-1000,-1000
2.931,-0.01,-1000,-1000
2.932,-0.01,-1000,-1000
2.933,-0.01,-1000,-1000
2.934,-0.01,-1000,-1000
2.935,-0.01,-1000,-1000
2.936,-0.01,-1000,-1000
2.937,-0.01,-1000,-1000
2.938,-0.01,-1000,-1000
2.939,-0.01,-1000,-1000
2.94,-0.01,-1000,-1000
2.941,-0.01,-1000,-1000
2.942,-0.01,-1000,-1000
2.943,-0.01,-1000,-1000
2.944,-0.01,-1000,-1000
2.945,-0.01,-1000,-1000
2.946,-0.01,-1000,-1000
2.947,-0.01,-1000,-1000
2.948,-0.01,-1000,-1000
2.949,-0.01,-1000,-1000
2.95,-0.01,-1000,-1000
2.951,-0.01,-1000,-1000
2.952,-0.01,-1000,-1000
2.953,-0.01,-1000,-1000
2.954,-0.01,-1000,-1000
2.955,-0.01,-1000,-1000
2.956,-0.01,-1000,-1000
2.957,-0.01,-1000,-1000
2.958,-0.01,-1000,-1000
2.959,-0.01,-1000,-1000
2.96,-0.01,-1000,-1000
2.961,-0.01,-1000,-1000
2.962,-0.01,-1000,-1000
2.963,-0.01,-1000,-1000
2.964,-0.01,-1000,-1000
2.965,-0.01,-1000,-1000
2.966,-0.01,-1000,-1000
2.967,-0.01,-1000,-1000
2.968,-0.01,-1000,-1000
2.969,-0.01,-1000,-1000
2.97,-0.01,-1000,-1000
2.971,-0.01,-1000,-1000
2.972,-0.01,-1000,-1000
2.973,-0.01,-1000,-1000
2.974,-0.01,-1000,-1000
2.975,-0.01,-1000,-1000
2.976,-0.01,-1000,-1000
2.977,-0.01,-1000,-1000
2.978,-0.01,-1000,-1000
2.979,-0.01,-1000,-1000
2.98,-0.01,-1000,-1000
2.981,-0.01,-1000,-1000
2.982,-0.01,-1000,-1000
2.983,-0.01,-1000,-1000
2.984,-0.01,-1000,-1000
2.985,-0.01,-1000,-1000
2.986,-0.01,-1000,-1000
2.987,-0.01,-1000,-1000
2.988,-0.01,-1000,-1000
2.989,-0.01,-1000,-1000
2.99,-0.01,-1000,-1000
2.991,-0.01,-1000,-1000
2.992,-0.01,-1000,-1000
2.993,-0.01,-1000,-1000
2.994,-0.01,-1000,-1000
2.995,-0.01,-1000,-1000
2.996,-0.01,-1000,-1000
2.997,-0.01,-1000,-1000
2.998,-0.01,-1000,-1000
2.999,-0.01,-1000,-1000
3,-0.01,-1000,-1000
3.001,-0.01,-1000,-1000
3.002,-0.01,-1000,-1000
3.003,-0.01,-1000,-1000
3.004,-0.01,-1000,-1000
3.005,-0.01,-1000,-1000
3.006,-0.01,-1000,-1000
3.007,-0.01,-1000,-1000
3.008,-0.01,-1000,-1000
3.009,-0.01,-1000,-1000
3.01,-0.01,-1000,-1000
3.011,-0.01,-1000,-1000
3.012,-0.01,-1000,-1000
3.013,-0.01,-1000,-1000
3.014,-0.01,-1000,-1000
3.015,-0.01,-1000,-1000
3.016,-0.01,-1000,-1000
3.017,-0.01,-1000,-1000
3.018,-0.01,-1000,-1000
3.019,-0.01,-1000,-1000
3.02,-0.01,-1000,-1000
3.021,-0.01,-1000,-1000
3.022,-0.01,-1000,-1000
3.023,-0.01,-1000,-1000
3.024,-0.01,-1000,-1000
3.025,-0.01,-1000,-1000
3.026,-0.01,-1000,-1000
3.027,-0.01,-1000,-1000
3.028,-0.01,-1000,-1000
3.029,-0.01,-1000,-1000
3.03,-0.01,-1000,-1000
3.031,-0.01,-1000,-1000
3.032,-0.01,-1000,-1000
3.033,-0.01,-1000,-1000
3.034,-0.01,-1000,-1000
3.035,-0.01,-1000,-1000
3.036,-0.01,-1000,-1000
3.037,-0.01,-1000,-1000
3.038,-0.01,-1000,-1000
3.039,-0.01,-1000,-1000
3.04,-0.01,-1000,-1000
3.041,-0.01,-1000,-1000
3.042,-0.01,-1000,-1000
3.043,-0.01,-1000,-1000
3.044,-0.01,-1000,-1000
3.045,-0.01,-1000,-1000
3.046,-0.01,-1000,-1000
3.047,-0.01,-1000,-1000
3.048,-0.01,-1000,-1000
3.049,-0.01,-1000,-1000
3.05,-0.01,-1000,-1000
3.051,-0.01,-1000,-1000
3.052,-0.01,-1000,-1000
3.053,-0.01,-1000,-1000
3.054,-0.01,-1000,-1000
3.055,-0.01,-1000,-1000
3.056,-0.01,-1000,-1000
3.057,-0.01,-1000,-1000
3.058,-0.01,-1000,-1000
3.059,-0.01,-1000,-1000
3.06,-0.01,-1000,-1000
3.061,-0.01,-1000,-1000
3.062,-0.01,-1000,-1000
3.063,-0.01,-1000,-1000
3.064,-0.01,-1000,-1000
3.065,-0.01,-1000,-1000
3.066,-0.01,-1000,-1000
3.067,-0.01,-1000,-1000
3.068,-0.01,-1000,-1000
3.069,-0.01,-1000,-1000
3.07,-0.01,-1000,-1000
3.071,-0.01,-1000,-1000
3.072,-0.01,-1000,-1000
3.073,-0.01,-1000,-1000
3.074,-0.01,-1000,-1000
3.075,-0.01,-1000,-1000
3.076,-0.01,-1000,-1000
3.077,-0.01,-1000,-1000
3.078,-0.01,-1000,-1000
3.079,-0.01,-1000,-1000
3.08,-0.01,-1000,-1000
3.081,-0.01,-1000,-1000
3.082,-0.01,-1000,-1000
3.083,-0.01,-1000,-1000
3.084,-0.01,-1000,-1000
3.085,-0.01,-1000,-1000
3.086,-0.01,-1000,-1000
3.087,-0.01,-1000,-1000
3.088,-0.01,-1000,-1000
3.089,-0.01,-1000,-1000
3.09,-0.01,-1000,-1000
3.091,-0.01,-1000,-1000
3.092,-0.01,-1000,-1000
3.093,-0.01,-1000,-1000
3.094,-0.01,-1000,-1000
3.095,-0.01,-1000,-1000
3.096,-0.01,-1000,-1000
3.097,-0.01,-1000,-1000
3.098,-0.01,-1000,-1000
3.099,-0.01,-1000,-1000
3.1,-0.01,-1000,-1000
3.101,-0.01,-1000,-1000
3.102,-0.01,-1000,-1000
3.103,-0.01,-1000,-1000
3.104,-0.01,-1000,-1000
3.105,-0.01,-1000,-1000
3.106,-0.01,-1000,-1000
3.107,-0.01,-1000,-1000
3.108,-0.01,-1000,-1000
3.109,-0.01,-1000,-1000
3.11,-0.01,-1000,-1000
3.111,-0.01,-1000,-1000
3.112,-0.01,-1000,-1000
3.113,-0.01,-1000,-1000
3.114,-0.01,-1000,-1000
3.115,-0.01,-1000,-1000
3.116,-0.01,-1000,-1000
3.117,-0.01,-1000,-1000
3.118,-0.01,-1000,-1000
3.119,-0.01,-1000,-1000
3.12,-0.01,-1000,-1000
3.121,-0.01,-1000,-1000
3.122,-0.01,-1000,-1000
3.123,-0.01,-1000,-1000
3.124,-0.01,-1000,-1000
3.125,-0.01,-1000,-1000
3.126,-0.01,-1000,-1000
3.127,-0.01,-1000,-1000
3.128,-0.01,-1000,-1000
3.129,-0.01,-1000,-1000
3.13,-0.01,-1000,-1000
3.131,-0.01,-1000,-1000
3.132,-0.01,-1000,-1000
3.133,-0.01,-1000,-1000
3.134,-0.01,-1000,-1000
3.135,-0.01,-1000,-1000
3.136,-0.01,-1000,-1000
3.137,-0.01,-1000,-1000
3.138,-0.01,-1000,-1000
3.139,-0.01,-1000,-1000
3.14,-0.01,-1000,-1000
3.141,-0.01,-1000,-1000
3.142,-0.01,-1000,-1000
3.143,-0.01,-1000,-1000
3.144,-0.01,-1000,-1000
3.145,-0.01,-1000,-1000
3.146,-0.01,-1000,-1000
3.147,-0.01,-1000,-1000
3.148,-0.01,-1000,-1000
3.149,-0.01,-1000,-1000
3.15,-0.01,-1000,-1000
3.151,-0.01,-1000,-1000
3.152,-0.01,-1000,-1000
3.153,-0.01,-1000,-1000
3.154,-0.01,-1000,-1000
3.155,-0.01,-1000,-1000
3.156,-0.01,-1000,-1000
3.157,-0.01,-1000,-1000
3.158,-0.01,-1000,-1000
3.159,-0.01,-1000,-1000
3.16,-0.01,-1000,-1000
3.161,-0.01,-1000,-1000
3.162,-0.01,-1000,-1000
3.163,-0.01,-1000,-1000
3.164,-0.01,-1000,-1000
3.165,-0.01,-1000,-1000
3.166,-0.01,-1000,-1000
3.167,-0.01,-1000,-1000
3.168,-0.01,-1000,-1000
3.169,-0.01,-1000,-1000
3.17,-0.01,-1000,-1000
3.171,-0.01,-1000,-1000
3.172,-0.01,-1000,-1000
3.173,-0.01,-1000,-1000
3.174,-0.01,-1000,-1000
3.175,-0.01,-1000,-1000
3.176,-0.01,-1000,-1000
3.177,-0.01,-1000,-1000
3.178,-0.01,-1000,-1000
3.179,-0.01,-1000,-1000
3.18,-0.01,-1000,-1000
3.181,-0.01,-1000,-1000
3.182,-0.01,-1000,-1000
3.183,-0.01,-1000,-1000
3.184,-0.01,-1000,-1000
3.185,-0.01,-1000,-1000
3.186,-0.01,-1000,-1000
3.187,-0.01,-1000,-1000
3.188,-0.01,-1000,-1000
3.189,-0.01,-1000,-1000
3.19,-0.01,-1000,-1000
3.191,-0.01,-1000,-1000
3.192,-0.01,-1000,-1000
3.193,-0.01,-1000,-1000
3.194,-0.01,-1000,-1000
3.195,-0.01,-1000,-1000
3.196,-0.01,-1000,-1000
3.197,-0.01,-1000,-1000
3.198,-0.01,-1000,-1000
3.199,-0.01,-1000,-1000
3.2,-0.01,-1000,-1000
3.201,-0.01,-1000,-1000
3.202,-0.01,-1000,-1000
3.203,-0.01,-1000,-1000
3.204,-0.01,-1000,-1000
3.205,-0.01,-1000,-1000
3.206,-0.01,-1000,-1000
3.207,-0.01,-1000,-1000
3.208,-0.01,-1000,-1000
3.209,-0.01,-1000,-1000
3.21,-0.01,-1000,-1000
3.211,-0.01,-1000,-1000
3.212,-0.01,-1000,-1000
3.213,-0.01,-1000,-1000
3.214,-0.01,-1000,-1000
3.215,-0.01,-1000,-1000
3.216,-0.01,-1000,-1000
3.217,-0.01,-1000,-1000
3.218,-0.01,-1000,-1000
3.219,-0.01,-1000,-1000
3.22,-0.01,-1000,-1000
3.221,-0.01,-1000,-1000
3.222,-0.01,-1000,-1000
3.223,-0.01,-1000,-1000
3.224,-0.01,-1000,-1000
3.225,-0.01,-1000,-1000
3.226,-0.01,-1000,-1000
3.227,-0.01,-1000,-1000
3.228,-0.01,-1000,-1000
3.229,-0.01,-1000,-1000
3.23,-0.01,-1000,-1000
3.231,-0.01,-1000,-1000
3.232,-0.01,-1000,-1000
3.233,-0.01,-1000,-1000
3.234,-0.01,-1000,-1000
3.235,-0.01,-1000,-1000
3.236,-0.01,-1000,-1000
3.237,-0.01,-1000,-1000
3.238,-0.01,-1000,-1000
3.239,-0.01,-1000,-1000
3.24,-0.01,-1000,-1000
3.241,-0.01,-1000,-1000
3.242,-0.01,-1000,-1000
3.243,-0.01,-1000,-1000
3.244,-0.01,-1000,-1000
3.245,-0.01,-1000,-1000
3.246,-0.01,-1000,-1000
3.247,-0.01,-1000,-1000
3.248,-0.01,-1000,-1000
3.249,-0.01,-1000,-1000
3.25,-0.01,-1000,-1000
3.251,-0.01,-1000,-1000
3.252,-0.01,-1000,-1000
3.253,-0.01,-1000,-1000
3.254,-0.01,-1000,-1000
3.255,-0.01,-1000,-1000
3.256,-0.01,-1000,-1000
3.257,-0.01,-1000,-1000
3.258,-0.01,-1000,-1000
3.259,-0.01,-1000,-1000
3.26,-0.01,-1000,-1000
3.261,-0.01,-1000,-1000
3.262,-0.01,-1000,-1000
3.263,-0.01,-1000,-1000
3.264,-0.01,-1000,-1000
3.265,-0.01,-1000,-1000
3.266,-0.01,-1000,-1000
3.267,-0.01,-1000,-1000
3.268,-0.01,-1000,-1000
3.269,-0.01,-1000,-1000
3.27,-0.01,-1000,-1000
3.271,-0.01,-1000,-1000
3.272,-0.01,-1000,-1000
3.273,-0.01,-1000,-1000
3.274,-0.01,-1000,-1000
3.275,-0.01,-1000,-1000
3.276,-0.01,-1000,-1000
3.277,-0.01,-1000,-1000
3.278,-0.01,-1000,-1000
3.279,-0.01,-1000,-1000
3.28,-0.01,-1000,-1000
3.281,-0.01,-1000,-1000
3.282,-0.01,-1000,-1000
3.283,-0.01,-1000,-1000
3.284,-0.01,-1000,-1000
3.285,-0.01,-1000,-1000
3.286,-0.01,-1000,-1000
3.287,-0.01,-1000,-1000
3.288,-0.01,-1000,-1000
3.289,-0.01,-1000,-1000
3.29,-0.01,-1000,-1000
3.291,-0.01,-1000,-1000
3.292,-0.01,-1000,-1000
3.293,-0.01,-1000,-1000
3.294,-0.01,-1000,-1000
3.295,-0.01,-1000,-1000
3.296,-0.01,-1000,-1000
3.297,-0.01,-1000,-1000
3.298,-0.01,-1000,-1000
3.299,-0.01,-1000,-1000
3.3,-0.01,-1000,-1000
3.301,-0.01,-1000,-1000
3.302,-0.01,-1000,-1000
3.303,-0.01,-1000,-1000
3.304,-0.01,-1000,-1000
3.305,-0.01,-1000,-1000
3.306,-0.01,-1000,-1000
3.307,-0.01,-1000,-1000
3.308,-0.01,-1000,-1000
3.309,-0.01,-1000,-1000
3.31,-0.01,-1000,-1000
3.311,-0.01,-1000,-1000
3.312,-0.01,-1000,-1000
3.313,-0.01,-1000,-1000
3.314,-0.01,-1000,-1000
3.315,-0.01,-1000,-1000
3.316,-0.01,-1000,-1000
3.317,-0.01,-1000,-1000
3.318,-0.01,-1000,-1000
3.319,-0.01,-1000,-1000
3.32,-0.01,-1000,-1000
3.321,-0.01,-1000,-1000
3.322,-0.01,-1000,-1000
3.323,-0.01,-1000,-1000
3.324,-0.01,-1000,-1000
3.325,-0.01,-1000,-1000
3.326,-0.01,-1000,-1000
3.327,-0.01,-1000,-1000
3.328,-0.01,-1000,-1000
3.329,-0.01,-1000,-1000
3.33,-0.01,-1000,-1000
3.331,-0.01,-1000,-1000
3.332,-0.01,-1000,-1000
3.333,-0.01,-1000,-1000
3.334,-0.01,-1000,-1000
3.335,-0.01,-1000,-1000
3.336,-0.01,-1000,-1000
3.337,-0.01,-1000,-1000
3.338,-0.01,-1000,-1000
3.339,-0.01,-1000,-1000
3.34,-0.01,-1000,-1000
3.341,-0.01,-1000,-1000
3.342,-0.01,-1000,-1000
3.343,-0.01,-1000,-1000
3.344,-0.01,-1000,-1000
3.345,-0.01,-1000,-1000
3.346,-0.01,-1000,-1000
3.347,-0.01,-1000,-1000
3.348,-0.01,-1000,-1000
3.349,-0.01,-1000,-1000
3.35,-0.01,-1000,-1000
3.351,-0.01,-1000,-1000
3.352,-0.01,-1000,-1000
3.353,-0.01,-1000,-1000
3.354,-0.01,-1000,-1000
3.355,-0.01,-1000,-1000
3.356,-0.01,-1000,-1000
3.357,-0.01,-1000,-1000
3.358,-0.01,-1000,-1000
3.359,-0.01,-1000,-1000
3.36,-0.01,-1000,-1000
3.361,-0.01,-1000,-1000
3.362,-0.01,-1000,-1000
3.363,-0.01,-1000,-1000
3.364,-0.01,-1000,-1000
3.365,-0.01,-1000,-1000
3.366,-0.01,-1000,-1000
3.367,-0.01,-1000,-1000
3.368,-0.01,-1000,-1000
3.369,-0.01,-1000,-1000
3.37,-0.01,-1000,-1000
3.371,-0.01,-1000,-1000
3.372,-0.01,-1000,-1000
3.373,-0.01,-1000,-1000
3.374,-0.01,-1000,-1000
3.375,-0.01,-1000,-1000
3.376,-0.01,-1000,-1000
3.377,-0.01,-1000,-1000
3.378,-0.01,-1000,-1000
3.379,-0.01,-1000,-1000
3.38,-0.01,-1000,-1000
3.381,-0.01,-1000,-1000
3.382,-0.01,-1000,-1000
3.383,-0.01,-1000,-1000
3.384,-0.01,-1000,-1000
3.385,-0.01,-1000,-1000
3.386,-0.01,-1000,-1000
3.387,-0.01,-1000,-1000
3.388,-0.01,-1000,-1000
3.389,-0.01,-1000,-1000
3.39,-0.01,-1000,-1000
3.391,-0.01,-1000,-1000
3.392,-0.01,-1000,-1000
3.393,-0.01,-1000,-1000
3.394,-0.01,-1000,-1000
3.395,-0.01,-1000,-1000
3.396,-0.01,-1000,-1000
3.397,-0.01,-1000,-1000
3.398,-0.01,-1000,-1000
3.399,-0.01,-1000,-1000
3.4,-0.01,-1000,-1000
3.401,-0.01,-1000,-1000
3.402,-0.01,-1000,-1000
3.403,-0.01,-1000,-1000
3.404,-0.01,-1000,-1000
3.405,-0.01,-1000,-1000
3.406,-0.01,-1000,-1000
3.407,-0.01,-1000,-1000
3.408,-0.01,-1000,-1000
3.409,-0.01,-1000,-1000
3.41,-0.01,-1000,-1000
3.411,-0.01,-1000,-1000
3.412,-0.01,-1000,-1000
3.413,-0.01,-1000,-1000
3.414,-0.01,-1000,-1000
3.415,-0.01,-1000,-1000
3.416,-0.01,-1000,-1000
3.417,-0.01,-1000,-1000
3.418,-0.01,-1000,-1000
3.419,-0.01,-1000,-1000
3.42,-0.01,-1000,-1000
3.421,-0.01,-1000,-1000
3.422,-0.01,-1000,-1000
3.423,-0.01,-1000,-1000
3.424,-0.01,-1000,-1000
3.425,-0.01,-1000,-1000
3.426,-0.01,-1000,-1000
3.427,-0.01,-1000,-1000
3.428,-0.01,-1000,-1000
3.429,-0.01,-1000,-1000
3.43,-0.01,-1000,-1000
3.431,-0.01,-1000,-1000
3.432,-0.01,-1000,-1000
3.433,-0.01,-1000,-1000
3.434,-0.01,-1000,-1000
3.435,-0.01,-1000,-1000
3.436,-0.01,-1000,-1000
3.437,-0.01,-1000,-1000
3.438,-0.01,-1000,-1000
3.439,-0.01,-1000,-1000
3.44,-0.01,-1000,-1000
3.441,-0.01,-1000,-1000
3.442,-0.01,-1000,-1000
3.443,-0.01,-1000,-1000
3.444,-0.01,-1000,-1000
3.445,-0.01,-1000,-1000
3.446,-0.01,-1000,-1000
3.447,-0.01,-1000,-1000
3.448,-0.01,-1000,-1000
3.449,-0.01,-1000,-1000
3.45,-0.01,-1000,-1000
3.451,-0.01,-1000,-1000
3.452,-0.01,-1000,-1000
3.453,-0.01,-1000,-1000
3.454,-0.01,-1000,-1000
3.455,-0.01,-1000,-1000
3.456,-0.01,-1000,-1000
3.457,-0.01,-1000,-1000
3.458,-0.01,-1000,-1000
3.459,-0.01,-1000,-1000
3.46,-0.01,-1000,-1000
3.461,-0.01,-1000,-1000
3.462,-0.01,-1000,-1000
3.463,-0.01,-1000,-1000
3.464,-0.01,-1000,-1000
3.465,-0.01,-1000,-1000
3.466,-0.01,-1000,-1000
3.467,-0.01,-1000,-1000
3.468,-0.01,-1000,-1000
3.469,-0.01,-1000,-1000
3.47,-0.01,-1000,-1000
3.471,-0.01,-1000,-1000
3.472,-0.01,-1000,-1000
3.473,-0.01,-1000,-1000
3.474,-0.01,-1000,-1000
3.475,-0.01,-1000,-1000
3.476,-0.01,-1000,-1000
3.477,-0.01,-1000,-1000
3.478,-0.01,-1000,-1000
3.479,-0.01,-1000,-1000
3.48,-0.01,-1000,-1000
3.481,-0.01,-1000,-1000
3.482,-0.01,-1000,-1000
3.483,-0.01,-1000,-1000
3.484,-0.01,-1000,-1000
3.485,-0.01,-1000,-1000
3.486,-0.01,-1000,-1000
3.487,-0.01,-1000,-1000
3.488,-0.01,-1000,-1000
3.489,-0.01,-1000,-1000
3.49,-0.01,-1000,-1000
3.491,-0.01,-1000,-1000
3.492,-0.01,-1000,-1000
3.493,-0.01,-1000,-1000
3.494,-0.01,-1000,-1000
3.495,-0.01,-1000,-1000
3.496,-0.01,-1000,-1000
3.497,-0.01,-1000,-1000
3.498,-0.01,-1000,-1000
3.499,-0.01,-1000,-1000
3.5,-0.01,-1000,-1000
3.501,-0.01,-1000,-1000
3.502,-0.01,-1000,-1000
3.503,-0.01,-1000,-1000
3.504,-0.01,-1000,-1000
3.505,-0.01,-1000,-1000
3.506,-0.01,-1000,-1000
3.507,-0.01,-1000,-1000
3.508,-0.01,-1000,-1000
3.509,-0.01,-1000,-1000
3.51,-0.01,-1000,-1000
3.511,-0.01,-1000,-1000
3.512,-0.01,-1000,-1000
3.513,-0.01,-1000,-1000
3.514,-0.01,-1000,-1000
3.515,-0.01,-1000,-1000
3.516,-0.01,-1000,-1000
3.517,-0.01,-1000,-1000
3.518,-0.01,-1000,-1000
3.519,-0.01,-1000,-1000
3.52,-0.01,-1000,-1000
3.521,-0.01,-1000,-1000
3.522,-0.01,-1000,-1000
3.523,-0.01,-1000,-1000
3.524,-0.01,-1000,-1000
3.525,-0.01,-1000,-1000
3.526,-0.01,-1000,-1000
3.527,-0.01,-1000,-1000
3.528,-0.01,-1000,-1000
3.529,-0.01,-1000,-1000
3.53,-0.01,-1000,-1000
3.531,-0.01,-1000,-1000
3.532,-0.01,-1000,-1000
3.533,-0.01,-1000,-1000
3.534,-0.01,-1000,-1000
3.535,-0.01,-1000,-1000
3.536,-0.01,-1000,-1000
3.537,-0.01,-1000,-1000
3.538,-0.01,-1000,-1000
3.539,-0.01,-1000,-1000
3.54,-0.01,-1000,-1000
3.541,-0.01,-1000,-1000
3.542,-0.01,-1000,-1000
3.543,-0.01,-1000,-1000
3.544,-0.01,-1000,-1000
3.545,-0.01,-1000,-1000
3.546,-0.01,-1000,-1000
3.547,-0.01,-1000,-1000
3.548,-0.01,-1000,-1000
3.549,-0.01,-1000,-1000
3.55,-0.01,-1000,-1000
3.551,-0.01,-1000,-1000
3.552,-0.01,-1000,-1000
3.553,-0.01,-1000,-1000
3.554,-0.01,-1000,-1000
3.555,-0.01,-1000,-1000
3.556,-0.01,-1000,-1000
3.557,-0.01,-1000,-1000
3.558,-0.01,-1000,-1000
3.559,-0.01,-1000,-1000
3.56,-0.01,-1000,-1000
3.561,-0.01,-1000,-1000
3.562,-0.01,-1000,-1000
3.563,-0.01,-1000,-1000
3.564,-0.01,-1000,-1000
3.565,-0.01,-1000,-1000
3.566,-0.01,-1000,-1000
3.567,-0.01,-1000,-1000
3.568,-0.01,-1000,-1000
3.569,-0.01,-1000,-1000
3.57,-0.01,-1000,-1000
3.571,-0.01,-1000,-1000
3.572,-0.01,-1000,-1000
3.573,-0.01,-1000,-1000
3.574,-0.01,-1000,-1000
3.575,-0.01,-1000,-1000
3.576,-0.01,-1000,-1000
3.577,-0.01,-1000,-1000
3.578,-0.01,-1000,-1000
3.579,-0.01,-1000,-1000
3.58,-0.01,-1000,-1000
3.581,-0.01,-1000,-1000
3.582,-0.01,-1000,-1000
3.583,-0.01,-1000,-1000
3.584,-0.01,-1000,-1000
3.585,-0.01,-1000,-1000
3.586,-0.01,-1000,-1000
3.587,-0.01,-1000,-1000
3.588,-0.01,-1000,-1000
3.589,-0.01,-1000,-1000
3.59,-0.01,-1000,-1000
3.591,-0.01,-1000,-1000
3.592,-0.01,-1000,-1000
3.593,-0.01,-1000,-1000
3.594,-0.01,-1000,-1000
3.595,-0.01,-1000,-1000
3.596,-0.01,-1000,-1000
3.597,-0.01,-1000,-1000
3.598,-0.01,-1000,-1000
3.599,-0.01,-1000,-1000
3.6,-0.01,-1000,-1000
3.601,-0.01,-1000,-1000
3.602,-0.01,-1000,-1000
3.603,-0.01,-1000,-1000
3.604,-0.01,-1000,-1000
3.605,-0.01,-1000,-1000
3.606,-0.01,-1000,-1000
3.607,-0.01,-1000,-1000
3.608,-0.01,-1000,-1000
3.609,-0.01,-1000,-1000
3.61,-0.01,-1000,-1000
3.611,-0.01,-1000,-1000
3.612,-0.01,-1000,-1000
3.613,-0.01,-1000,-1000
3.614,-0.01,-1000,-1000
3.615,-0.01,-1000,-1000
3.616,-0.01,-1000,-1000
3.617,-0.01,-1000,-1000
3.618,-0.01,-1000,-1000
3.619,-0.01,-1000,-1000
3.62,-0.01,-1000,-1000
3.621,-0.01,-1000,-1000
3.622,-0.01,-1000,-1000
3.623,-0.01,-1000,-1000
3.624,-0.01,-1000,-1000
3.625,-0.01,-1000,-1000
3.626,-0.01,-1000,-1000
3.627,-0.01,-1000,-1000
3.628,-0.01,-1000,-1000
3.629,-0.01,-1000,-1000
3.63,-0.01,-1000,-1000
3.631,-0.01,-1000,-1000
3.632,-0.01,-1000,-1000
3.633,-0.01,-1000,-1000
3.634,-0.01,-1000,-1000
3.635,-0.01,-1000,-1000
3.636,-0.01,-1000,-1000
3.637,-0.01,-1000,-1000
3.638,-0.01,-1000,-1000
3.639,-0.01,-1000,-1000
3.64,-0.01,-1000,-1000
3.641,-0.01,-1000,-1000
3.642,-0.01,-1000,-1000
3.643,-0.01,-1000,-1000
3.644,-0.01,-1000,-1000
3.645,-0.01,-1000,-1000
3.646,-0.01,-1000,-1000
3.647,-0.01,-1000,-1000
3.648,-0.01,-1000,-1000
3.649,-0.01,-1000,-1000
3.65,-0.01,-1000,-1000
3.651,-0.01,-1000,-1000
3.652,-0.01,-1000,-1000
3.653,-0.01,-1000,-1000
3.654,-0.01,-1000,-1000
3.655,-0.01,-1000,-1000
3.656,-0.01,-1000,-1000
3.657,-0.01,-1000,-1000
3.658,-0.01,-1000,-1000
3.659,-0.01,-1000,-1000
3.66,-0.01,-1000,-1000
3.661,-0.01,-1000,-1000
3.662,-0.01,-1000,-1000
3.663,-0.01,-1000,-1000
3.664,-0.01,-1000,-1000
3.665,-0.01,-1000,-1000
3.666,-0.01,-1000,-1000
3.667,-0.01,-1000,-1000
3.668,-0.01,-1000,-1000
3.669,-0.01,-1000,-1000
3.67,-0.01,-1000,-1000
3.671,-0.01,-1000,-1000
3.672,-0.01,-1000,-1000
3.673,-0.01,-1000,-1000
3.674,-0.01,-1000,-1000
3.675,-0.01,-1000,-1000
3.676,-0.01,-1000,-1000
3.677,-0.01,-1000,-1000
3.678,-0.01,-1000,-1000
3.679,-0.01,-1000,-1000
3.68,-0.01,-1000,-1000
3.681,-0.01,-1000,-1000
3.682,-0.01,-1000,-1000
3.683,-0.01,-1000,-1000
3.684,-0.01,-1000,-1000
3.685,-0.01,-1000,-1000
3.686,-0.01,-1000,-1000
3.687,-0.01,-1000,-1000
3.688,-0.01,-1000,-1000
3.689,-0.01,-1000,-1000
3.69,-0.01,-1000,-1000
3.691,-0.01,-1000,-1000
3.692,-0.01,-1000,-1000
3.693,-0.01,-1000,-1000
3.694,-0.01,-1000,-1000
3.695,-0.01,-1000,-1000
3.696,-0.01,-1000,-1000
3.697,-0.01,-1000,-1000
3.698,-0.01,-1000,-1000
3.699,-0.01,-1000,-1000
3.7,-0.01,-1000,-1000
3.701,-0.01,-1000,-1000
3.702,-0.01,-1000,-1000
3.703,-0.01,-1000,-1000
3.704,-0.01,-1000,-1000
3.705,-0.01,-1000,-1000
3.706,-0.01,-1000,-1000
3.707,-0.01,-1000,-1000
3.708,-0.01,-1000,-1000
3.709,-0.01,-1000,-1000
3.71,-0.01,-1000,-1000
3.711,-0.01,-1000,-1000
3.712,-0.01,-1000,-1000
3.713,-0.01,-1000,-1000
3.714,-0.01,-1000,-1000
3.715,-0.01,-1000,-1000
3.716,-0.01,-1000,-1000
3.717,-0.01,-1000,-1000
3.718,-0.01,-1000,-1000
3.719,-0.01,-1000,-1000
3.72,-0.01,-1000,-1000
3.721,-0.01,-1000,-1000
3.722,-0.01,-1000,-1000
3.723,-0.01,-1000,-1000
3.724,-0.01,-1000,-1000
3.725,-0.01,-1000,-1000
3.726,-0.01,-1000,-1000
3.727,-0.01,-1000,-1000
3.728,-0.01,-1000,-1000
3.729,-0.01,-1000,-1000
3.73,-0.01,-1000,-1000
3.731,-0.01,-1000,-1000
3.732,-0.01,-1000,-1000
3.733,-0.01,-1000,-1000
3.734,-0.01,-1000,-1000
3.735,-0.01,-1000,-1000
3.736,-0.01,-1000,-1000
3.737,-0.01,-1000,-1000
3.738,-0.01,-1000,-1000
3.739,-0.01,-1000,-1000
3.74,-0.01,-1000,-1000
3.741,-0.01,-1000,-1000
3.742,-0.01,-1000,-1000
3.743,-0.01,-1000,-1000
3.744,-0.01,-1000,-1000
3.745,-0.01,-1000,-1000
3.746,-0.01,-1000,-1000
3.747,-0.01,-1000,-1000
3.748,-0.01,-1000,-1000
3.749,-0.01,-1000,-1000
3.75,-0.01,-1000,-1000
3.751,-0.01,-1000,-1000
3.752,-0.01,-1000,-1000
3.753,-0.01,-1000,-1000
3.754,-0.01,-1000,-1000
3.755,-0.01,-1000,-1000
3.756,-0.01,-1000,-1000
3.757,-0.01,-1000,-1000
3.758,-0.01,-1000,-1000
3.759,-0.01,-1000,-1000
3.76,-0.01,-1000,-1000
3.761,-0.01,-1000,-1000
3.762,-0.01,-1000,-1000
3.763,-0.01,-1000,-1000
3.764,-0.01,-1000,-1000
3.765,-0.01,-1000,-1000
3.766,-0.01,-1000,-1000
3.767,-0.01,-1000,-1000
3.768,-0.01,-1000,-1000
3.769,-0.01,-1000,-1000
3.77,-0.01,-1000,-1000
3.771,-0.01,-1000,-1000
3.772,-0.01,-1000,-1000
3.773,-0.01,-1000,-1000
3.774,-0.01,-1000,-1000
3.775,-0.01,-1000,-1000
3.776,-0.01,-1000,-1000
3.777,-0.01,-1000,-1000
3.778,-0.01,-1000,-1000
3.779,-0.01,-1000,-1000
3.78,-0.01,-1000,-1000
3.781,-0.01,-1000,-1000
3.782,-0.01,-1000,-1000
3.783,-0.01,-1000,-1000
3.784,-0.01,-1000,-1000
3.785,-0.01,-1000,-1000
3.786,-0.01,-1000,-1000
3.787,-0.01,-1000,-1000
3.788,-0.01,-1000,-1000
3.789,-0.01,-1000,-1000
3.79,-0.01,-1000,-1000
3.791,-0.01,-1000,-1000
3.792,-0.01,-1000,-1000
3.793,-0.01,-1000,-1000
3.794,-0.01,-1000,-1000
3.795,-0.01,-1000,-1000
3.796,-0.01,-1000,-1000
3.797,-0.01,-1000,-1000
3.798,-0.01,-1000,-1000
3.799,-0.01,-1000,-1000
3.8,-0.01,-1000,-1000
3.801,-0.01,-1000,-1000
3.802,-0.01,-1000,-1000
3.803,-0.01,-1000,-1000
3.804,-0.01,-1000,-1000
3.805,-0.01,-1000,-1000
3.806,-0.01,-1000,-1000
3.807,-0.01,-1000,-1000
3.808,-0.01,-1000,-1000
3.809,-0.01,-1000,-1000
3.81,-0.01,-1000,-1000
3.811,-0.01,-1000,-1000
3.812,-0.01,-1000,-1000
3.813,-0.01,-1000,-1000
3.814,-0.01,-1000,-1000
3.815,-0.01,-1000,-1000
3.816,-0.01,-1000,-1000
3.817,-0.01,-1000,-1000
3.818,-0.01,-1000,-1000
3.819,-0.01,-1000,-1000
3.82,-0.01,-1000,-1000
3.821,-0.01,-1000,-1000
3.822,-0.01,-1000,-1000
3.823,-0.01,-1000,-1000
3.824,-0.01,-1000,-1000
3.825,-0.01,-1000,-1000
3.826,-0.01,-1000,-1000
3.827,-0.01,-1000,-1000
3.828,-0.01,-1000,-1000
3.829,-0.01,-1000,-1000
3.83,-0.01,-1000,-1000
3.831,-0.01,-1000,-1000
3.832,-0.01,-1000,-1000
3.833,-0.01,-1000,-1000
3.834,-0.01,-1000,-1000
3.835,-0.01,-1000,-1000
3.836,-0.01,-1000,-1000
3.837,-0.01,-1000,-1000
3.838,-0.01,-1000,-1000
3.839,-0.01,-1000,-1000
3.84,-0.01,-1000,-1000
3.841,-0.01,-1000,-1000
3.842,-0.01,-1000,-1000
3.843,-0.01,-1000,-1000
3.844,-0.01,-1000,-1000
3.845,-0.01,-1000,-1000
3.846,-0.01,-1000,-1000
3.847,-0.01,-1000,-1000
3.848,-0.01,-1000,-1000
3.849,-0.01,-1000,-1000
3.85,-0.01,-1000,-1000
3.851,-0.01,-1000,-1000
3.852,-0.01,-1000,-1000
3.853,-0.01,-1000,-1000
3.854,-0.01,-1000,-1000
3.855,-0.01,-1000,-1000
3.856,-0.01,-1000,-1000
3.857,-0.01,-1000,-1000
3.858,-0.01,-1000,-1000
3.859,-0.01,-1000,-1000
3.86,-0.01,-1000,-1000
3.861,-0.01,-1000,-1000
3.862,-0.01,-1000,-1000
3.863,-0.01,-1000,-1000
3.864,-0.01,-1000,-1000
3.865,-0.01,-1000,-1000
3.866,-0.01,-1000,-1000
3.867,-0.01,-1000,-1000
3.868,-0.01,-1000,-1000
3.869,-0.01,-1000,-1000
3.87,-0.01,-1000,-1000
3.871,-0.01,-1000,-1000
3.872,-0.01,-1000,-1000
3.873,-0.01,-1000,-1000
3.874,-0.01,-1000,-1000
3.875,-0.01,-1000,-1000
3.876,-0.01,-1000,-1000
3.877,-0.01,-1000,-1000
3.878,-0.01,-1000,-1000
3.879,-0.01,-1000,-1000
3.88,-0.01,-1000,-1000
3.881,-0.01,-1000,-1000
3.882,-0.01,-1000,-1000
3.883,-0.01,-1000,-1000
3.884,-0.01,-1000,-1000
3.885,-0.01,-1000,-1000
3.886,-0.01,-1000,-1000
3.887,-0.01,-1000,-1000
3.888,-0.01,-1000,-1000
3.889,-0.01,-1000,-1000
3.89,-0.01,-1000,-1000
3.891,-0.01,-1000,-1000
3.892,-0.01,-1000,-1000
3.893,-0.01,-1000,-1000
3.894,-0.01,-1000,-1000
3.895,-0.01,-1000,-1000
3.896,-0.01,-1000,-1000
3.897,-0.01,-1000,-1000
3.898,-0.01,-1000,-1000
3.899,-0.01,-1000,-1000
3.9,-0.01,-1000,-1000
3.901,-0.01,-1000,-1000
3.902,-0.01,-1000,-1000
3.903,-0.01,-1000,-1000
3.904,-0.01,-1000,-1000
3.905,-0.01,-1000,-1000
3.906,-0.01,-1000,-1000
3.907,-0.01,-1000,-1000
3.908,-0.01,-1000,-1000
3.909,-0.01,-1000,-1000
3.91,-0.01,-1000,-1000
3.911,-0.01,-1000,-1000
3.912,-0.01,-1000,-1000
3.913,-0.01,-1000,-1000
3.914,-0.01,-1000,-1000
3.915,-0.01,-1000,-1000
3.916,-0.01,-1000,-1000
3.917,-0.01,-1000,-1000
3.918,-0.01,-1000,-1000
3.919,-0.01,-1000,-1000
3.92,-0.01,-1000,-1000
3.921,-0.01,-1000,-1000
3.922,-0.01,-1000,-1000
3.923,-0.01,-1000,-1000
3.924,-0.01,-1000,-1000
3.925,-0.01,-1000,-1000
3.926,-0.01,-1000,-1000
3.927,-0.01,-1000,-1000
3.928,-0.01,-1000,-1000
3.929,-0.01,-1000,-1000
3.93,-0.01,-1000,-1000
3.931,-0.01,-1000,-1000
3.932,-0.01,-1000,-1000
3.933,-0.01,-1000,-1000
3.934,-0.01,-1000,-1000
3.935,-0.01,-1000,-1000
3.936,-0.01,-1000,-1000
3.937,-0.01,-1000,-1000
3.938,-0.01,-1000,-1000
3.939,-0.01,-1000,-1000
3.94,-0.01,-1000,-1000
3.941,-0.01,-1000,-1000
3.942,-0.01,-1000,-1000
3.943,-0.01,-1000,-1000
3.944,-0.01,-1000,-1000
3.945,-0.01,-1000,-1000
3.946,-0.01,-1000,-1000
3.947,-0.01,-1000,-1000
3.948,-0.01,-1000,-1000
3.949,-0.01,-1000,-1000
3.95,-0.01,-1000,-1000
3.951,-0.01,-1000,-1000
3.952,-0.01,-1000,-1000
3.953,-0.01,-1000,-1000
3.954,-0.01,-1000,-1000
3.955,-0.01,-1000,-1000
3.956,-0.01,-1000,-1000
3.957,-0.01,-1000,-1000
3.958,-0.01,-1000,-1000
3.959,-0.01,-1000,-1000
3.96,-0.01,-1000,-1000
3.961,-0.01,-1000,-1000
3.962,-0.01,-1000,-1000
3.963,-0.01,-1000,-1000
3.964,-0.01,-1000,-1000
3.965,-0.01,-1000,-1000
3.966,-0.01,-1000,-1000
3.967,-0.01,-1000,-1000
3.968,-0.01,-1000,-1000
3.969,-0.01,-1000,-1000
3.97,-0.01,-1000,-1000
3.971,-0.01,-1000,-1000
3.972,-0.01,-1000,-1000
3.973,-0.01,-1000,-1000
3.974,-0.01,-1000,-1000
3.975,-0.01,-1000,-1000
3.976,-0.01,-1000,-1000
3.977,-0.01,-1000,-1000
3.978,-0.01,-1000,-1000
3.979,-0.01,-1000,-1000
3.98,-0.01,-1000,-1000
3.981,-0.01,-1000,-1000
3.982,-0.01,-1000,-1000
3.983,-0.01,-1000,-1000
3.984,-0.01,-1000,-1000
3.985,-0.01,-1000,-1000
3.986,-0.01,-1000,-1000
3.987,-0.01,-1000,-1000
3.988,-0.01,-1000,-1000
3.989,-0.01,-1000,-1000
3.99,-0.01,-1000,-1000
3.991,-0.01,-1000,-1000
3.992,-0.01,-1000,-1000
3.993,-0.01,-1000,-1000
3.994,-0.01,-1000,-1000
3.995,-0.01,-1000,-1000
3.996,-0.01,-1000,-1000
3.997,-0.01,-1000,-1000
3.998,-0.01,-1000,-1000
3.999,-0.01,-1000,-1000
4,-0.01,-1000,-1000
