0,0,0
0.001,4.1846e-09,6.2831
0.002,3.3442e-08,12.566
0.003,1.1275e-07,18.848
0.004,2.6699e-07,25.13
0.005,5.2091e-07,31.411
0.006,8.9918e-07,37.69
0.007,1.4263e-06,43.968
0.008,2.1268e-06,50.244
0.009,3.0249e-06,56.519
0.01,4.1447e-06,62.791
0.011,5.5105e-06,69.06
0.012,7.146e-06,75.327
0.013,9.0752e-06,81.591
0.014,1.1322e-05,87.851
0.015,1.3909e-05,94.108
0.016,1.686e-05,100.36
0.017,2.0199e-05,106.61
0.018,2.3949e-05,112.86
0.019,2.8133e-05,119.1
0.02,3.2772e-05,125.33
0.021,3.7891e-05,131.56
0.022,4.3512e-05,137.79
0.023,4.9657e-05,144.01
0.024,5.6348e-05,150.23
0.025,6.3608e-05,156.43
0.026,7.1458e-05,162.64
0.027,7.9921e-05,168.83
0.028,8.9017e-05,175.02
0.029,9.8769e-05,181.21
0.03,0.0001092,187.38
0.031,0.00012032,193.55
0.032,0.00013217,199.71
0.033,0.00014475,205.86
0.034,0.00015809,212.01
0.035,0.00017222,218.14
0.036,0.00018714,224.27
0.037,0.00020289,230.39
0.038,0.00021948,236.5
0.039,0.00023692,242.6
0.04,0.00025525,248.69
0.041,0.00027448,254.77
0.042,0.00029462,260.84
0.043,0.0003157,266.9
0.044,0.00033774,272.95
0.045,0.00036075,278.99
0.046,0.00038476,285.02
0.047,0.00040977,291.04
0.048,0.00043582,297.04
0.049,0.00046291,303.04
0.05,0.00049107,309.02
0.051,0.00052031,314.99
0.052,0.00055065,320.94
0.053,0.0005821,326.89
0.054,0.00061469,332.82
0.055,0.00064843,338.74
0.056,0.00068333,344.64
0.057,0.00071942,350.53
0.058,0.0007567,356.41
0.059,0.00079519,362.28
0.06,0.00083492,368.12
0.061,0.00087589,373.96
0.062,0.00091812,379.78
0.063,0.00096162,385.58
0.064,0.0010064,391.37
0.065,0.0010525,397.15
0.066,0.0010999,402.91
0.067,0.0011487,408.65
0.068,0.0011988,414.38
0.069,0.0012502,420.09
0.07,0.001303,425.78
0.071,0.0013572,431.46
0.072,0.0014128,437.12
0.073,0.0014698,442.76
0.074,0.0015283,448.38
0.075,0.0015881,453.99
0.076,0.0016495,459.58
0.077,0.0017122,465.15
0.078,0.0017765,470.7
0.079,0.0018422,476.24
0.08,0.0019094,481.75
0.081,0.0019781,487.25
0.082,0.0020484,492.73
0.083,0.0021201,498.19
0.084,0.0021934,503.62
0.085,0.0022682,509.04
0.086,0.0023446,514.44
0.087,0.0024226,519.82
0.088,0.0025021,525.17
0.089,0.0025832,530.51
0.09,0.0026658,535.83
0.091,0.0027501,541.12
0.092,0.002836,546.39
0.093,0.0029235,551.65
0.094,0.0030126,556.88
0.095,0.0031033,562.08
0.096,0.0031957,567.27
0.097,0.0032897,572.43
0.098,0.0033854,577.57
0.099,0.0034827,582.69
0.1,0.0035817,587.79
0.101,0.0036823,592.86
0.102,0.0037846,597.9
0.103,0.0038886,602.93
0.104,0.0039943,607.93
0.105,0.0041016,612.91
0.106,0.0042107,617.86
0.107,0.0043214,622.79
0.108,0.0044339,627.69
0.109,0.004548,632.57
0.11,0.0046639,637.42
0.111,0.0047814,642.25
0.112,0.0049007,647.06
0.113,0.0050217,651.83
0.114,0.0051444,656.59
0.115,0.0052688,661.31
0.116,0.0053949,666.01
0.117,0.0055228,670.69
0.118,0.0056524,675.33
0.119,0.0057837,679.95
0.12,0.0059168,684.55
0.121,0.0060516,689.11
0.122,0.0061881,693.65
0.123,0.0063263,698.17
0.124,0.0064663,702.65
0.125,0.006608,707.11
0.126,0.0067514,711.54
0.127,0.0068966,715.94
0.128,0.0070435,720.31
0.129,0.0071921,724.65
0.13,0.0073424,728.97
0.131,0.0074945,733.26
0.132,0.0076483,737.51
0.133,0.0078038,741.74
0.134,0.007961,745.94
0.135,0.00812,750.11
0.136,0.0082806,754.25
0.137,0.008443,758.36
0.138,0.008607,762.44
0.139,0.0087728,766.49
0.14,0.0089403,770.51
0.141,0.0091094,774.5
0.142,0.0092803,778.46
0.143,0.0094528,782.39
0.144,0.009627,786.29
0.145,0.0098029,790.16
0.146,0.0099804,793.99
0.147,0.01016,797.79
0.148,0.010341,801.57
0.149,0.010523,805.31
0.15,0.010707,809.02
0.151,0.010893,812.69
0.152,0.01108,816.34
0.153,0.01127,819.95
0.154,0.01146,823.53
0.155,0.011653,827.08
0.156,0.011846,830.6
0.157,0.012042,834.08
0.158,0.012239,837.53
0.159,0.012438,840.94
0.16,0.012638,844.33
0.161,0.01284,847.68
0.162,0.013043,850.99
0.163,0.013248,854.28
0.164,0.013454,857.53
0.165,0.013662,860.74
0.166,0.013872,863.92
0.167,0.014083,867.07
0.168,0.014295,870.18
0.169,0.014509,873.26
0.17,0.014725,876.31
0.171,0.014942,879.32
0.172,0.01516,882.29
0.173,0.01538,885.23
0.174,0.015601,888.14
0.175,0.015824,891.01
0.176,0.016048,893.84
0.177,0.016273,896.64
0.178,0.0165,899.41
0.179,0.016728,902.13
0.18,0.016958,904.83
0.181,0.017188,907.48
0.182,0.017421,910.11
0.183,0.017654,912.69
0.184,0.017889,915.24
0.185,0.018125,917.75
0.186,0.018362,920.23
0.187,0.018601,922.67
0.188,0.018841,925.08
0.189,0.019082,927.45
0.19,0.019324,929.78
0.191,0.019568,932.07
0.192,0.019813,934.33
0.193,0.020059,936.55
0.194,0.020306,938.73
0.195,0.020554,940.88
0.196,0.020803,942.99
0.197,0.021054,945.06
0.198,0.021305,947.1
0.199,0.021558,949.1
0.2,0.021811,951.06
0.201,0.022066,952.98
0.202,0.022322,954.86
0.203,0.022578,956.71
0.204,0.022836,958.52
0.205,0.023095,960.29
0.206,0.023354,962.03
0.207,0.023615,963.72
0.208,0.023877,965.38
0.209,0.024139,967
0.21,0.024402,968.58
0.211,0.024666,970.13
0.212,0.024931,971.63
0.213,0.025197,973.1
0.214,0.025464,974.53
0.215,0.025731,975.92
0.216,0.026,977.27
0.217,0.026269,978.58
0.218,0.026538,979.86
0.219,0.026809,981.09
0.22,0.02708,982.29
0.221,0.027352,983.45
0.222,0.027624,984.56
0.223,0.027897,985.64
0.224,0.028171,986.69
0.225,0.028445,987.69
0.226,0.02872,988.65
0.227,0.028995,989.58
0.228,0.029271,990.46
0.229,0.029548,991.31
0.23,0.029825,992.11
0.231,0.030102,992.88
0.232,0.03038,993.61
0.233,0.030659,994.3
0.234,0.030937,994.95
0.235,0.031217,995.56
0.236,0.031496,996.13
0.237,0.031776,996.67
0.238,0.032056,997.16
0.239,0.032337,997.61
0.24,0.032617,998.03
0.241,0.032898,998.4
0.242,0.03318,998.74
0.243,0.033461,999.03
0.244,0.033743,999.29
0.245,0.034025,999.51
0.246,0.034307,999.68
0.247,0.034589,999.82
0.248,0.034871,999.92
0.249,0.035153,999.98
0.25,0.035436,1000
0.251,0.035718,999.98
0.252,0.036,999.92
0.253,0.036283,999.82
0.254,0.036565,999.68
0.255,0.036847,999.51
0.256,0.03713,999.29
0.257,0.037412,999.03
0.258,0.037694,998.74
0.259,0.037976,998.4
0.26,0.038257,998.03
0.261,0.038539,997.61
0.262,0.03882,997.16
0.263,0.039101,996.67
0.264,0.039382,996.13
0.265,0.039662,995.56
0.266,0.039943,994.95
0.267,0.040222,994.3
0.268,0.040502,993.61
0.269,0.040781,992.88
0.27,0.04106,992.11
0.271,0.041338,991.31
0.272,0.041616,990.46
0.273,0.041893,989.58
0.274,0.04217,988.65
0.275,0.042446,987.69
0.276,0.042722,986.69
0.277,0.042997,985.64
0.278,0.043272,984.56
0.279,0.043545,983.45
0.28,0.043819,982.29
0.281,0.044091,981.09
0.282,0.044363,979.86
0.283,0.044635,978.58
0.284,0.044905,977.27
0.285,0.045175,975.92
0.286,0.045444,974.53
0.287,0.045712,973.1
0.288,0.045979,971.63
0.289,0.046246,970.13
0.29,0.046511,968.58
0.291,0.046776,967
0.292,0.047039,965.38
0.293,0.047302,963.72
0.294,0.047564,962.03
0.295,0.047825,960.29
0.296,0.048085,958.52
0.297,0.048343,956.71
0.298,0.048601,954.86
0.299,0.048857,952.98
0.3,0.049113,951.06
0.301,0.049367,949.1
0.302,0.04962,947.1
0.303,0.049872,945.06
0.304,0.050123,942.99
0.305,0.050372,940.88
0.306,0.05062,938.73
0.307,0.050867,936.55
0.308,0.051113,934.33
0.309,0.051357,932.07
0.31,0.0516,929.78
0.311,0.051842,927.45
0.312,0.052082,925.08
0.313,0.05232,922.67
0.314,0.052558,920.23
0.315,0.052794,917.75
0.316,0.053028,915.24
0.317,0.053261,912.69
0.318,0.053492,910.11
0.319,0.053722,907.48
0.32,0.05395,904.83
0.321,0.054176,902.13
0.322,0.054401,899.41
0.323,0.054624,896.64
0.324,0.054846,893.84
0.325,0.055066,891.01
0.326,0.055284,888.14
0.327,0.0555,885.23
0.328,0.055715,882.29
0.329,0.055928,879.32
0.33,0.056139,876.31
0.331,0.056348,873.26
0.332,0.056555,870.18
0.333,0.056761,867.07
0.334,0.056964,863.92
0.335,0.057166,860.74
0.336,0.057366,857.53
0.337,0.057564,854.28
0.338,0.057759,850.99
0.339,0.057953,847.68
0.34,0.058145,844.33
0.341,0.058335,840.94
0.342,0.058523,837.53
0.343,0.058708,834.08
0.344,0.058892,830.6
0.345,0.059073,827.08
0.346,0.059253,823.53
0.347,0.05943,819.95
0.348,0.059605,816.34
0.349,0.059777,812.69
0.35,0.059948,809.02
0.351,0.060116,805.31
0.352,0.060282,801.57
0.353,0.060446,797.79
0.354,0.060607,793.99
0.355,0.060767,790.16
0.356,0.060923,786.29
0.357,0.061078,782.39
0.358,0.06123,778.46
0.359,0.06138,774.5
0.36,0.061527,770.51
0.361,0.061672,766.49
0.362,0.061814,762.44
0.363,0.061954,758.36
0.364,0.062092,754.25
0.365,0.062227,750.11
0.366,0.062359,745.94
0.367,0.062489,741.74
0.368,0.062617,737.51
0.369,0.062742,733.26
0.37,0.062864,728.97
0.371,0.062984,724.65
0.372,0.063101,720.31
0.373,0.063215,715.94
0.374,0.063327,711.54
0.375,0.063436,707.11
0.376,0.063542,702.65
0.377,0.063646,698.17
0.378,0.063747,693.65
0.379,0.063846,689.11
0.38,0.063941,684.55
0.381,0.064034,679.95
0.382,0.064124,675.33
0.383,0.064211,670.69
0.384,0.064296,666.01
0.385,0.064377,661.31
0.386,0.064456,656.59
0.387,0.064532,651.83
0.388,0.064605,647.06
0.389,0.064676,642.25
0.39,0.064743,637.42
0.391,0.064808,632.57
0.392,0.064869,627.69
0.393,0.064928,622.79
0.394,0.064984,617.86
0.395,0.065036,612.91
0.396,0.065086,607.93
0.397,0.065133,602.93
0.398,0.065177,597.9
0.399,0.065218,592.86
0.4,0.065256,587.79
0.401,0.065291,582.69
0.402,0.065323,577.57
0.403,0.065352,572.43
0.404,0.065377,567.27
0.405,0.0654,562.08
0.406,0.06542,556.88
0.407,0.065436,551.65
0.408,0.06545,546.39
0.409,0.06546,541.12
0.41,0.065467,535.83
0.411,0.065472,530.51
0.412,0.065473,525.17
0.413,0.06547,519.82
0.414,0.065465,514.44
0.415,0.065457,509.04
0.416,0.065445,503.62
0.417,0.065431,498.19
0.418,0.065413,492.73
0.419,0.065392,487.25
0.42,0.065367,481.75
0.421,0.06534,476.24
0.422,0.065309,470.7
0.423,0.065275,465.15
0.424,0.065238,459.58
0.425,0.065198,453.99
0.426,0.065154,448.38
0.427,0.065107,442.76
0.428,0.065057,437.12
0.429,0.065004,431.46
0.43,0.064948,425.78
0.431,0.064888,420.09
0.432,0.064825,414.38
0.433,0.064758,408.65
0.434,0.064689,402.91
0.435,0.064616,397.15
0.436,0.06454,391.37
0.437,0.06446,385.58
0.438,0.064377,379.78
0.439,0.064291,373.96
0.44,0.064202,368.12
0.441,0.064109,362.28
0.442,0.064013,356.41
0.443,0.063914,350.53
0.444,0.063811,344.64
0.445,0.063706,338.74
0.446,0.063596,332.82
0.447,0.063484,326.89
0.448,0.063368,320.94
0.449,0.063249,314.99
0.45,0.063127,309.02
0.451,0.063001,303.04
0.452,0.062872,297.04
0.453,0.062739,291.04
0.454,0.062604,285.02
0.455,0.062465,278.99
0.456,0.062322,272.95
0.457,0.062176,266.9
0.458,0.062027,260.84
0.459,0.061875,254.77
0.46,0.06172,248.69
0.461,0.061561,242.6
0.462,0.061398,236.5
0.463,0.061233,230.39
0.464,0.061064,224.27
0.465,0.060892,218.14
0.466,0.060716,212.01
0.467,0.060538,205.86
0.468,0.060355,199.71
0.469,0.06017,193.55
0.47,0.059981,187.38
0.471,0.059789,181.21
0.472,0.059594,175.02
0.473,0.059396,168.83
0.474,0.059194,162.64
0.475,0.058989,156.43
0.476,0.058781,150.23
0.477,0.058569,144.01
0.478,0.058354,137.79
0.479,0.058136,131.56
0.48,0.057915,125.33
0.481,0.05769,119.1
0.482,0.057462,112.86
0.483,0.057231,106.61
0.484,0.056997,100.36
0.485,0.056759,94.108
0.486,0.056519,87.851
0.487,0.056275,81.591
0.488,0.056028,75.327
0.489,0.055778,69.06
0.49,0.055524,62.791
0.491,0.055267,56.519
0.492,0.055008,50.244
0.493,0.054745,43.968
0.494,0.054479,37.69
0.495,0.054209,31.411
0.496,0.053937,25.13
0.497,0.053662,18.848
0.498,0.053383,12.566
0.499,0.053101,6.2831
0.5,0.052817,1.2246e-13
0.501,0.052529,-6.2831
0.502,0.052238,-12.566
0.503,0.051944,-18.848
0.504,0.051647,-25.13
0.505,0.051347,-31.411
0.506,0.051044,-37.69
0.507,0.050738,-43.968
0.508,0.050429,-50.244
0.509,0.050116,-56.519
0.51,0.049801,-62.791
0.511,0.049483,-69.06
0.512,0.049162,-75.327
0.513,0.048838,-81.591
0.514,0.048511,-87.851
0.515,0.048182,-94.108
0.516,0.047849,-100.36
0.517,0.047513,-106.61
0.518,0.047175,-112.86
0.519,0.046833,-119.1
0.52,0.046489,-125.33
0.521,0.046142,-131.56
0.522,0.045792,-137.79
0.523,0.04544,-144.01
0.524,0.045084,-150.23
0.525,0.044726,-156.43
0.526,0.044365,-162.64
0.527,0.044001,-168.83
0.528,0.043635,-175.02
0.529,0.043266,-181.21
0.53,0.042894,-187.38
0.531,0.042519,-193.55
0.532,0.042142,-199.71
0.533,0.041762,-205.86
0.534,0.041379,-212.01
0.535,0.040994,-218.14
0.536,0.040606,-224.27
0.537,0.040216,-230.39
0.538,0.039823,-236.5
0.539,0.039427,-242.6
0.54,0.039029,-248.69
0.541,0.038629,-254.77
0.542,0.038226,-260.84
0.543,0.03782,-266.9
0.544,0.037412,-272.95
0.545,0.037002,-278.99
0.546,0.036589,-285.02
0.547,0.036173,-291.04
0.548,0.035756,-297.04
0.549,0.035336,-303.04
0.55,0.034913,-309.02
0.551,0.034488,-314.99
0.552,0.034061,-320.94
0.553,0.033632,-326.89
0.554,0.0332,-332.82
0.555,0.032766,-338.74
0.556,0.03233,-344.64
0.557,0.031892,-350.53
0.558,0.031451,-356.41
0.559,0.031009,-362.28
0.56,0.030564,-368.12
0.561,0.030117,-373.96
0.562,0.029668,-379.78
0.563,0.029216,-385.58
0.564,0.028763,-391.37
0.565,0.028308,-397.15
0.566,0.02785,-402.91
0.567,0.027391,-408.65
0.568,0.02693,-414.38
0.569,0.026466,-420.09
0.57,0.026001,-425.78
0.571,0.025534,-431.46
0.572,0.025065,-437.12
0.573,0.024594,-442.76
0.574,0.024121,-448.38
0.575,0.023646,-453.99
0.576,0.02317,-459.58
0.577,0.022692,-465.15
0.578,0.022212,-470.7
0.579,0.02173,-476.24
0.58,0.021246,-481.75
0.581,0.020761,-487.25
0.582,0.020275,-492.73
0.583,0.019786,-498.19
0.584,0.019296,-503.62
0.585,0.018804,-509.04
0.586,0.018311,-514.44
0.587,0.017816,-519.82
0.588,0.01732,-525.17
0.589,0.016822,-530.51
0.59,0.016323,-535.83
0.591,0.015822,-541.12
0.592,0.01532,-546.39
0.593,0.014817,-551.65
0.594,0.014312,-556.88
0.595,0.013806,-562.08
0.596,0.013298,-567.27
0.597,0.012789,-572.43
0.598,0.012279,-577.57
0.599,0.011768,-582.69
0.6,0.011255,-587.79
0.601,0.010741,-592.86
0.602,0.010226,-597.9
0.603,0.00971,-602.93
0.604,0.0091927,-607.93
0.605,0.0086744,-612.91
0.606,0.0081549,-617.86
0.607,0.0076344,-622.79
0.608,0.007113,-627.69
0.609,0.0065905,-632.57
0.61,0.006067,-637.42
0.611,0.0055426,-642.25
0.612,0.0050173,-647.06
0.613,0.0044911,-651.83
0.614,0.0039641,-656.59
0.615,0.0034362,-661.31
0.616,0.0029075,-666.01
0.617,0.002378,-670.69
0.618,0.0018478,-675.33
0.619,0.0013168,-679.95
0.62,0.00078519,-684.55
0.621,0.00025286,-689.11
0.622,-0.00028011,-693.65
0.623,-0.0008137,-698.17
0.624,-0.0013479,-702.65
0.625,-0.0018826,-707.11
0.626,-0.0024179,-711.54
0.627,-0.0029537,-715.94
0.628,-0.00349,-720.31
0.629,-0.0040267,-724.65
0.63,-0.0045639,-728.97
0.631,-0.0051015,-733.26
0.632,-0.0056394,-737.51
0.633,-0.0061777,-741.74
0.634,-0.0067163,-745.94
0.635,-0.0072552,-750.11
0.636,-0.0077943,-754.25
0.637,-0.0083337,-758.36
0.638,-0.0088733,-762.44
0.639,-0.0094131,-766.49
0.64,-0.0099531,-770.51
0.641,-0.010493,-774.5
0.642,-0.011033,-778.46
0.643,-0.011574,-782.39
0.644,-0.012114,-786.29
0.645,-0.012654,-790.16
0.646,-0.013194,-793.99
0.647,-0.013735,-797.79
0.648,-0.014275,-801.57
0.649,-0.014815,-805.31
0.65,-0.015355,-809.02
0.651,-0.015895,-812.69
0.652,-0.016434,-816.34
0.653,-0.016974,-819.95
0.654,-0.017513,-823.53
0.655,-0.018052,-827.08
0.656,-0.01859,-830.6
0.657,-0.019129,-834.08
0.658,-0.019667,-837.53
0.659,-0.020204,-840.94
0.66,-0.020741,-844.33
0.661,-0.021278,-847.68
0.662,-0.021814,-850.99
0.663,-0.02235,-854.28
0.664,-0.022886,-857.53
0.665,-0.02342,-860.74
0.666,-0.023954,-863.92
0.667,-0.024488,-867.07
0.668,-0.025021,-870.18
0.669,-0.025553,-873.26
0.67,-0.026085,-876.31
0.671,-0.026616,-879.32
0.672,-0.027146,-882.29
0.673,-0.027675,-885.23
0.674,-0.028204,-888.14
0.675,-0.028732,-891.01
0.676,-0.029259,-893.84
0.677,-0.029785,-896.64
0.678,-0.03031,-899.41
0.679,-0.030835,-902.13
0.68,-0.031358,-904.83
0.681,-0.03188,-907.48
0.682,-0.032402,-910.11
0.683,-0.032922,-912.69
0.684,-0.033441,-915.24
0.685,-0.033959,-917.75
0.686,-0.034476,-920.23
0.687,-0.034992,-922.67
0.688,-0.035507,-925.08
0.689,-0.03602,-927.45
0.69,-0.036533,-929.78
0.691,-0.037044,-932.07
0.692,-0.037554,-934.33
0.693,-0.038062,-936.55
0.694,-0.038569,-938.73
0.695,-0.039075,-940.88
0.696,-0.039579,-942.99
0.697,-0.040082,-945.06
0.698,-0.040584,-947.1
0.699,-0.041084,-949.1
0.7,-0.041583,-951.06
0.701,-0.04208,-952.98
0.702,-0.042575,-954.86
0.703,-0.043069,-956.71
0.704,-0.043562,-958.52
0.705,-0.044052,-960.29
0.706,-0.044542,-962.03
0.707,-0.045029,-963.72
0.708,-0.045515,-965.38
0.709,-0.045999,-967
0.71,-0.046481,-968.58
0.711,-0.046962,-970.13
0.712,-0.047441,-971.63
0.713,-0.047917,-973.1
0.714,-0.048393,-974.53
0.715,-0.048866,-975.92
0.716,-0.049337,-977.27
0.717,-0.049806,-978.58
0.718,-0.050274,-979.86
0.719,-0.050739,-981.09
0.72,-0.051203,-982.29
0.721,-0.051664,-983.45
0.722,-0.052124,-984.56
0.723,-0.052581,-985.64
0.724,-0.053036,-986.69
0.725,-0.05349,-987.69
0.726,-0.053941,-988.65
0.727,-0.05439,-989.58
0.728,-0.054836,-990.46
0.729,-0.055281,-991.31
0.73,-0.055723,-992.11
0.731,-0.056163,-992.88
0.732,-0.056601,-993.61
0.733,-0.057036,-994.3
0.734,-0.057469,-994.95
0.735,-0.0579,-995.56
0.736,-0.058328,-996.13
0.737,-0.058754,-996.67
0.738,-0.059178,-997.16
0.739,-0.059599,-997.61
0.74,-0.060018,-998.03
0.741,-0.060434,-998.4
0.742,-0.060848,-998.74
0.743,-0.061259,-999.03
0.744,-0.061667,-999.29
0.745,-0.062074,-999.51
0.746,-0.062477,-999.68
0.747,-0.062878,-999.82
0.748,-0.063276,-999.92
0.749,-0.063672,-999.98
0.75,-0.064065,-1000
0.751,-0.064455,-999.98
0.752,-0.064842,-999.92
0.753,-0.065227,-999.82
0.754,-0.065609,-999.68
0.755,-0.065989,-999.51
0.756,-0.066365,-999.29
0.757,-0.066739,-999.03
0.758,-0.06711,-998.74
0.759,-0.067478,-998.4
0.76,-0.067843,-998.03
0.761,-0.068205,-997.61
0.762,-0.068564,-997.16
0.763,-0.068921,-996.67
0.764,-0.069274,-996.13
0.765,-0.069624,-995.56
0.766,-0.069972,-994.95
0.767,-0.070316,-994.3
0.768,-0.070658,-993.61
0.769,-0.070996,-992.88
0.77,-0.071332,-992.11
0.771,-0.071664,-991.31
0.772,-0.071993,-990.46
0.773,-0.072319,-989.58
0.774,-0.072642,-988.65
0.775,-0.072962,-987.69
0.776,-0.073279,-986.69
0.777,-0.073592,-985.64
0.778,-0.073903,-984.56
0.779,-0.07421,-983.45
0.78,-0.074514,-982.29
0.781,-0.074814,-981.09
0.782,-0.075112,-979.86
0.783,-0.075406,-978.58
0.784,-0.075696,-977.27
0.785,-0.075984,-975.92
0.786,-0.076268,-974.53
0.787,-0.076549,-973.1
0.788,-0.076826,-971.63
0.789,-0.077101,-970.13
0.79,-0.077371,-968.58
0.791,-0.077639,-967
0.792,-0.077903,-965.38
0.793,-0.078163,-963.72
0.794,-0.07842,-962.03
0.795,-0.078674,-960.29
0.796,-0.078924,-958.52
0.797,-0.079171,-956.71
0.798,-0.079414,-954.86
0.799,-0.079654,-952.98
0.8,-0.07989,-951.06
0.801,-0.080123,-949.1
0.802,-0.080352,-947.1
0.803,-0.080578,-945.06
0.804,-0.0808,-942.99
0.805,-0.081018,-940.88
0.806,-0.081233,-938.73
0.807,-0.081445,-936.55
0.808,-0.081652,-934.33
0.809,-0.081856,-932.07
0.81,-0.082057,-929.78
0.811,-0.082254,-927.45
0.812,-0.082447,-925.08
0.813,-0.082636,-922.67
0.814,-0.082822,-920.23
0.815,-0.083004,-917.75
0.816,-0.083183,-915.24
0.817,-0.083357,-912.69
0.818,-0.083529,-910.11
0.819,-0.083696,-907.48
0.82,-0.083859,-904.83
0.821,-0.084019,-902.13
0.822,-0.084175,-899.41
0.823,-0.084328,-896.64
0.824,-0.084476,-893.84
0.825,-0.084621,-891.01
0.826,-0.084762,-888.14
0.827,-0.0849,-885.23
0.828,-0.085033,-882.29
0.829,-0.085163,-879.32
0.83,-0.085289,-876.31
0.831,-0.085411,-873.26
0.832,-0.085529,-870.18
0.833,-0.085643,-867.07
0.834,-0.085754,-863.92
0.835,-0.085861,-860.74
0.836,-0.085964,-857.53
0.837,-0.086063,-854.28
0.838,-0.086158,-850.99
0.839,-0.086249,-847.68
0.84,-0.086337,-844.33
0.841,-0.08642,-840.94
0.842,-0.0865,-837.53
0.843,-0.086576,-834.08
0.844,-0.086648,-830.6
0.845,-0.086716,-827.08
0.846,-0.08678,-823.53
0.847,-0.08684,-819.95
0.848,-0.086897,-816.34
0.849,-0.086949,-812.69
0.85,-0.086998,-809.02
0.851,-0.087042,-805.31
0.852,-0.087083,-801.57
0.853,-0.08712,-797.79
0.854,-0.087153,-793.99
0.855,-0.087182,-790.16
0.856,-0.087207,-786.29
0.857,-0.087228,-782.39
0.858,-0.087245,-778.46
0.859,-0.087258,-774.5
0.86,-0.087268,-770.51
0.861,-0.087273,-766.49
0.862,-0.087275,-762.44
0.863,-0.087272,-758.36
0.864,-0.087266,-754.25
0.865,-0.087256,-750.11
0.866,-0.087241,-745.94
0.867,-0.087223,-741.74
0.868,-0.087201,-737.51
0.869,-0.087175,-733.26
0.87,-0.087145,-728.97
0.871,-0.087111,-724.65
0.872,-0.087073,-720.31
0.873,-0.087032,-715.94
0.874,-0.086986,-711.54
0.875,-0.086936,-707.11
0.876,-0.086883,-702.65
0.877,-0.086826,-698.17
0.878,-0.086764,-693.65
0.879,-0.086699,-689.11
0.88,-0.08663,-684.55
0.881,-0.086557,-679.95
0.882,-0.08648,-675.33
0.883,-0.086399,-670.69
0.884,-0.086314,-666.01
0.885,-0.086226,-661.31
0.886,-0.086133,-656.59
0.887,-0.086037,-651.83
0.888,-0.085936,-647.06
0.889,-0.085832,-642.25
0.89,-0.085724,-637.42
0.891,-0.085612,-632.57
0.892,-0.085496,-627.69
0.893,-0.085377,-622.79
0.894,-0.085253,-617.86
0.895,-0.085126,-612.91
0.896,-0.084994,-607.93
0.897,-0.084859,-602.93
0.898,-0.084721,-597.9
0.899,-0.084578,-592.86
0.9,-0.084431,-587.79
0.901,-0.084281,-582.69
0.902,-0.084127,-577.57
0.903,-0.083969,-572.43
0.904,-0.083807,-567.27
0.905,-0.083642,-562.08
0.906,-0.083473,-556.88
0.907,-0.0833,-551.65
0.908,-0.083123,-546.39
0.909,-0.082942,-541.12
0.91,-0.082758,-535.83
0.911,-0.08257,-530.51
0.912,-0.082378,-525.17
0.913,-0.082183,-519.82
0.914,-0.081984,-514.44
0.915,-0.081781,-509.04
0.916,-0.081574,-503.62
0.917,-0.081364,-498.19
0.918,-0.08115,-492.73
0.919,-0.080933,-487.25
0.92,-0.080712,-481.75
0.921,-0.080487,-476.24
0.922,-0.080258,-470.7
0.923,-0.080026,-465.15
0.924,-0.079791,-459.58
0.925,-0.079551,-453.99
0.926,-0.079308,-448.38
0.927,-0.079062,-442.76
0.928,-0.078812,-437.12
0.929,-0.078558,-431.46
0.93,-0.078301,-425.78
0.931,-0.078041,-420.09
0.932,-0.077777,-414.38
0.933,-0.077509,-408.65
0.934,-0.077238,-402.91
0.935,-0.076963,-397.15
0.936,-0.076685,-391.37
0.937,-0.076404,-385.58
0.938,-0.076119,-379.78
0.939,-0.075831,-373.96
0.94,-0.075539,-368.12
0.941,-0.075244,-362.28
0.942,-0.074945,-356.41
0.943,-0.074643,-350.53
0.944,-0.074338,-344.64
0.945,-0.074029,-338.74
0.946,-0.073717,-332.82
0.947,-0.073402,-326.89
0.948,-0.073084,-320.94
0.949,-0.072762,-314.99
0.95,-0.072437,-309.02
0.951,-0.072108,-303.04
0.952,-0.071777,-297.04
0.953,-0.071442,-291.04
0.954,-0.071104,-285.02
0.955,-0.070763,-278.99
0.956,-0.070418,-272.95
0.957,-0.070071,-266.9
0.958,-0.06972,-260.84
0.959,-0.069366,-254.77
0.96,-0.06901,-248.69
0.961,-0.06865,-242.6
0.962,-0.068286,-236.5
0.963,-0.06792,-230.39
0.964,-0.067551,-224.27
0.965,-0.067179,-218.14
0.966,-0.066804,-212.01
0.967,-0.066426,-205.86
0.968,-0.066044,-199.71
0.969,-0.06566,-193.55
0.97,-0.065273,-187.38
0.971,-0.064883,-181.21
0.972,-0.06449,-175.02
0.973,-0.064095,-168.83
0.974,-0.063696,-162.64
0.975,-0.063295,-156.43
0.976,-0.06289,-150.23
0.977,-0.062483,-144.01
0.978,-0.062073,-137.79
0.979,-0.061661,-131.56
0.98,-0.061245,-125.33
0.981,-0.060827,-119.1
0.982,-0.060406,-112.86
0.983,-0.059983,-106.61
0.984,-0.059557,-100.36
0.985,-0.059128,-94.108
0.986,-0.058696,-87.851
0.987,-0.058262,-81.591
0.988,-0.057825,-75.327
0.989,-0.057386,-69.06
0.99,-0.056944,-62.791
0.991,-0.0565,-56.519
0.992,-0.056053,-50.244
0.993,-0.055604,-43.968
0.994,-0.055152,-37.69
0.995,-0.054698,-31.411
0.996,-0.054241,-25.13
0.997,-0.053782,-18.848
0.998,-0.05332,-12.566
0.999,-0.052856,-6.2831
1,-0.05239,-2.4493e-13
1.001,-0.051922,6.2831
1.002,-0.051451,12.566
1.003,-0.050978,18.848
1.004,-0.050502,25.13
1.005,-0.050025,31.411
1.006,-0.049545,37.69
1.007,-0.049063,43.968
1.008,-0.048579,50.244
1.009,-0.048092,56.519
1.01,-0.047604,62.791
1.011,-0.047113,69.06
1.012,-0.046621,75.327
1.013,-0.046126,81.591
1.014,-0.045629,87.851
1.015,-0.045131,94.108
1.016,-0.04463,100.36
1.017,-0.044127,106.61
1.018,-0.043623,112.86
1.019,-0.043116,119.1
1.02,-0.042608,125.33
1.021,-0.042097,131.56
1.022,-0.041585,137.79
1.023,-0.041071,144.01
1.024,-0.040555,150.23
1.025,-0.040038,156.43
1.026,-0.039518,162.64
1.027,-0.038997,168.83
1.028,-0.038475,175.02
1.029,-0.03795,181.21
1.03,-0.037424,187.38
1.031,-0.036896,193.55
1.032,-0.036367,199.71
1.033,-0.035836,205.86
1.034,-0.035304,212.01
1.035,-0.03477,218.14
1.036,-0.034234,224.27
1.037,-0.033697,230.39
1.038,-0.033158,236.5
1.039,-0.032618,242.6
1.04,-0.032077,248.69
1.041,-0.031534,254.77
1.042,-0.03099,260.84
1.043,-0.030445,266.9
1.044,-0.029898,272.95
1.045,-0.02935,278.99
1.046,-0.028801,285.02
1.047,-0.02825,291.04
1.048,-0.027698,297.04
1.049,-0.027145,303.04
1.05,-0.026591,309.02
1.051,-0.026036,314.99
1.052,-0.025479,320.94
1.053,-0.024922,326.89
1.054,-0.024363,332.82
1.055,-0.023803,338.74
1.056,-0.023243,344.64
1.057,-0.022681,350.53
1.058,-0.022118,356.41
1.059,-0.021555,362.28
1.06,-0.02099,368.12
1.061,-0.020425,373.96
1.062,-0.019859,379.78
1.063,-0.019292,385.58
1.064,-0.018724,391.37
1.065,-0.018155,397.15
1.066,-0.017586,402.91
1.067,-0.017015,408.65
1.068,-0.016444,414.38
1.069,-0.015873,420.09
1.07,-0.015301,425.78
1.071,-0.014728,431.46
1.072,-0.014154,437.12
1.073,-0.01358,442.76
1.074,-0.013005,448.38
1.075,-0.01243,453.99
1.076,-0.011854,459.58
1.077,-0.011278,465.15
1.078,-0.010702,470.7
1.079,-0.010125,476.24
1.08,-0.0095471,481.75
1.081,-0.0089692,487.25
1.082,-0.008391,492.73
1.083,-0.0078125,498.19
1.084,-0.0072336,503.62
1.085,-0.0066545,509.04
1.086,-0.0060751,514.44
1.087,-0.0054955,519.82
1.088,-0.0049157,525.17
1.089,-0.0043357,530.51
1.09,-0.0037556,535.83
1.091,-0.0031754,541.12
1.092,-0.002595,546.39
1.093,-0.0020146,551.65
1.094,-0.0014342,556.88
1.095,-0.00085368,562.08
1.096,-0.0002732,567.27
1.097,0.00030724,572.43
1.098,0.00088763,577.57
1.099,0.0014679,582.69
1.1,0.0020481,587.79
1.101,0.0026282,592.86
1.102,0.0032081,597.9
1.103,0.0037878,602.93
1.104,0.0043673,607.93
1.105,0.0049466,612.91
1.106,0.0055256,617.86
1.107,0.0061044,622.79
1.108,0.0066828,627.69
1.109,0.0072609,632.57
1.11,0.0078386,637.42
1.111,0.0084159,642.25
1.112,0.0089928,647.06
1.113,0.0095693,651.83
1.114,0.010145,656.59
1.115,0.010721,661.31
1.116,0.011296,666.01
1.117,0.01187,670.69
1.118,0.012444,675.33
1.119,0.013018,679.95
1.12,0.01359,684.55
1.121,0.014162,689.11
1.122,0.014734,693.65
1.123,0.015305,698.17
1.124,0.015875,702.65
1.125,0.016444,707.11
1.126,0.017012,711.54
1.127,0.01758,715.94
1.128,0.018147,720.31
1.129,0.018713,724.65
1.13,0.019278,728.97
1.131,0.019843,733.26
1.132,0.020406,737.51
1.133,0.020968,741.74
1.134,0.02153,745.94
1.135,0.02209,750.11
1.136,0.02265,754.25
1.137,0.023209,758.36
1.138,0.023766,762.44
1.139,0.024322,766.49
1.14,0.024878,770.51
1.141,0.025432,774.5
1.142,0.025985,778.46
1.143,0.026537,782.39
1.144,0.027087,786.29
1.145,0.027637,790.16
1.146,0.028185,793.99
1.147,0.028732,797.79
1.148,0.029277,801.57
1.149,0.029821,805.31
1.15,0.030364,809.02
1.151,0.030906,812.69
1.152,0.031446,816.34
1.153,0.031985,819.95
1.154,0.032522,823.53
1.155,0.033058,827.08
1.156,0.033593,830.6
1.157,0.034125,834.08
1.158,0.034657,837.53
1.159,0.035187,840.94
1.16,0.035715,844.33
1.161,0.036242,847.68
1.162,0.036767,850.99
1.163,0.03729,854.28
1.164,0.037812,857.53
1.165,0.038332,860.74
1.166,0.03885,863.92
1.167,0.039367,867.07
1.168,0.039882,870.18
1.169,0.040395,873.26
1.17,0.040907,876.31
1.171,0.041416,879.32
1.172,0.041924,882.29
1.173,0.04243,885.23
1.174,0.042934,888.14
1.175,0.043436,891.01
1.176,0.043936,893.84
1.177,0.044434,896.64
1.178,0.044931,899.41
1.179,0.045425,902.13
1.18,0.045917,904.83
1.181,0.046408,907.48
1.182,0.046896,910.11
1.183,0.047382,912.69
1.184,0.047866,915.24
1.185,0.048348,917.75
1.186,0.048828,920.23
1.187,0.049306,922.67
1.188,0.049782,925.08
1.189,0.050255,927.45
1.19,0.050726,929.78
1.191,0.051195,932.07
1.192,0.051662,934.33
1.193,0.052127,936.55
1.194,0.052589,938.73
1.195,0.053049,940.88
1.196,0.053507,942.99
1.197,0.053962,945.06
1.198,0.054415,947.1
1.199,0.054865,949.1
1.2,0.055314,951.06
1.201,0.055759,952.98
1.202,0.056203,954.86
1.203,0.056644,956.71
1.204,0.057082,958.52
1.205,0.057518,960.29
1.206,0.057951,962.03
1.207,0.058382,963.72
1.208,0.058811,965.38
1.209,0.059237,967
1.21,0.05966,968.58
1.211,0.060081,970.13
1.212,0.060499,971.63
1.213,0.060914,973.1
1.214,0.061327,974.53
1.215,0.061737,975.92
1.216,0.062145,977.27
1.217,0.06255,978.58
1.218,0.062952,979.86
1.219,0.063351,981.09
1.22,0.063748,982.29
1.221,0.064142,983.45
1.222,0.064533,984.56
1.223,0.064921,985.64
1.224,0.065307,986.69
1.225,0.065689,987.69
1.226,0.066069,988.65
1.227,0.066446,989.58
1.228,0.066821,990.46
1.229,0.067192,991.31
1.23,0.06756,992.11
1.231,0.067926,992.88
1.232,0.068289,993.61
1.233,0.068648,994.3
1.234,0.069005,994.95
1.235,0.069359,995.56
1.236,0.06971,996.13
1.237,0.070057,996.67
1.238,0.070402,997.16
1.239,0.070744,997.61
1.24,0.071083,998.03
1.241,0.071419,998.4
1.242,0.071751,998.74
1.243,0.072081,999.03
1.244,0.072407,999.29
1.245,0.072731,999.51
1.246,0.073051,999.68
1.247,0.073368,999.82
1.248,0.073682,999.92
1.249,0.073993,999.98
1.25,0.074301,1000
1.251,0.074606,999.98
1.252,0.074907,999.92
1.253,0.075205,999.82
1.254,0.0755,999.68
1.255,0.075792,999.51
1.256,0.076081,999.29
1.257,0.076366,999.03
1.258,0.076648,998.74
1.259,0.076927,998.4
1.26,0.077202,998.03
1.261,0.077475,997.61
1.262,0.077744,997.16
1.263,0.078009,996.67
1.264,0.078272,996.13
1.265,0.078531,995.56
1.266,0.078786,994.95
1.267,0.079039,994.3
1.268,0.079288,993.61
1.269,0.079534,992.88
1.27,0.079776,992.11
1.271,0.080015,991.31
1.272,0.08025,990.46
1.273,0.080483,989.58
1.274,0.080711,988.65
1.275,0.080937,987.69
1.276,0.081159,986.69
1.277,0.081377,985.64
1.278,0.081592,984.56
1.279,0.081804,983.45
1.28,0.082012,982.29
1.281,0.082217,981.09
1.282,0.082418,979.86
1.283,0.082616,978.58
1.284,0.08281,977.27
1.285,0.083001,975.92
1.286,0.083188,974.53
1.287,0.083372,973.1
1.288,0.083552,971.63
1.289,0.083729,970.13
1.29,0.083902,968.58
1.291,0.084072,967
1.292,0.084238,965.38
1.293,0.084401,963.72
1.294,0.08456,962.03
1.295,0.084716,960.29
1.296,0.084868,958.52
1.297,0.085016,956.71
1.298,0.085161,954.86
1.299,0.085303,952.98
1.3,0.08544,951.06
1.301,0.085575,949.1
1.302,0.085705,947.1
1.303,0.085832,945.06
1.304,0.085956,942.99
1.305,0.086076,940.88
1.306,0.086192,938.73
1.307,0.086305,936.55
1.308,0.086414,934.33
1.309,0.086519,932.07
1.31,0.086621,929.78
1.311,0.086719,927.45
1.312,0.086814,925.08
1.313,0.086905,922.67
1.314,0.086993,920.23
1.315,0.087076,917.75
1.316,0.087157,915.24
1.317,0.087233,912.69
1.318,0.087306,910.11
1.319,0.087375,907.48
1.32,0.087441,904.83
1.321,0.087503,902.13
1.322,0.087561,899.41
1.323,0.087616,896.64
1.324,0.087667,893.84
1.325,0.087715,891.01
1.326,0.087759,888.14
1.327,0.087799,885.23
1.328,0.087836,882.29
1.329,0.087868,879.32
1.33,0.087898,876.31
1.331,0.087923,873.26
1.332,0.087946,870.18
1.333,0.087964,867.07
1.334,0.087979,863.92
1.335,0.08799,860.74
1.336,0.087997,857.53
1.337,0.088001,854.28
1.338,0.088001,850.99
1.339,0.087998,847.68
1.34,0.087991,844.33
1.341,0.08798,840.94
1.342,0.087966,837.53
1.343,0.087948,834.08
1.344,0.087927,830.6
1.345,0.087902,827.08
1.346,0.087873,823.53
1.347,0.087841,819.95
1.348,0.087805,816.34
1.349,0.087765,812.69
1.35,0.087722,809.02
1.351,0.087675,805.31
1.352,0.087625,801.57
1.353,0.087571,797.79
1.354,0.087513,793.99
1.355,0.087452,790.16
1.356,0.087387,786.29
1.357,0.087319,782.39
1.358,0.087247,778.46
1.359,0.087171,774.5
1.36,0.087092,770.51
1.361,0.08701,766.49
1.362,0.086924,762.44
1.363,0.086834,758.36
1.364,0.086741,754.25
1.365,0.086644,750.11
1.366,0.086544,745.94
1.367,0.08644,741.74
1.368,0.086332,737.51
1.369,0.086221,733.26
1.37,0.086107,728.97
1.371,0.085989,724.65
1.372,0.085868,720.31
1.373,0.085743,715.94
1.374,0.085614,711.54
1.375,0.085482,707.11
1.376,0.085347,702.65
1.377,0.085208,698.17
1.378,0.085066,693.65
1.379,0.08492,689.11
1.38,0.084771,684.55
1.381,0.084618,679.95
1.382,0.084462,675.33
1.383,0.084303,670.69
1.384,0.08414,666.01
1.385,0.083973,661.31
1.386,0.083804,656.59
1.387,0.083631,651.83
1.388,0.083454,647.06
1.389,0.083274,642.25
1.39,0.083091,637.42
1.391,0.082904,632.57
1.392,0.082714,627.69
1.393,0.082521,622.79
1.394,0.082324,617.86
1.395,0.082125,612.91
1.396,0.081921,607.93
1.397,0.081715,602.93
1.398,0.081505,597.9
1.399,0.081292,592.86
1.4,0.081075,587.79
1.401,0.080856,582.69
1.402,0.080633,577.57
1.403,0.080407,572.43
1.404,0.080177,567.27
1.405,0.079945,562.08
1.406,0.079709,556.88
1.407,0.07947,551.65
1.408,0.079227,546.39
1.409,0.078982,541.12
1.41,0.078733,535.83
1.411,0.078482,530.51
1.412,0.078227,525.17
1.413,0.077969,519.82
1.414,0.077708,514.44
1.415,0.077444,509.04
1.416,0.077176,503.62
1.417,0.076906,498.19
1.418,0.076632,492.73
1.419,0.076356,487.25
1.42,0.076076,481.75
1.421,0.075794,476.24
1.422,0.075508,470.7
1.423,0.075219,465.15
1.424,0.074928,459.58
1.425,0.074633,453.99
1.426,0.074336,448.38
1.427,0.074035,442.76
1.428,0.073731,437.12
1.429,0.073425,431.46
1.43,0.073116,425.78
1.431,0.072803,420.09
1.432,0.072488,414.38
1.433,0.07217,408.65
1.434,0.071849,402.91
1.435,0.071526,397.15
1.436,0.071199,391.37
1.437,0.07087,385.58
1.438,0.070538,379.78
1.439,0.070203,373.96
1.44,0.069865,368.12
1.441,0.069524,362.28
1.442,0.069181,356.41
1.443,0.068835,350.53
1.444,0.068487,344.64
1.445,0.068135,338.74
1.446,0.067781,332.82
1.447,0.067424,326.89
1.448,0.067065,320.94
1.449,0.066703,314.99
1.45,0.066338,309.02
1.451,0.065971,303.04
1.452,0.065601,297.04
1.453,0.065229,291.04
1.454,0.064854,285.02
1.455,0.064476,278.99
1.456,0.064096,272.95
1.457,0.063714,266.9
1.458,0.063328,260.84
1.459,0.062941,254.77
1.46,0.062551,248.69
1.461,0.062158,242.6
1.462,0.061764,236.5
1.463,0.061366,230.39
1.464,0.060967,224.27
1.465,0.060565,218.14
1.466,0.06016,212.01
1.467,0.059753,205.86
1.468,0.059344,199.71
1.469,0.058933,193.55
1.47,0.058519,187.38
1.471,0.058103,181.21
1.472,0.057685,175.02
1.473,0.057265,168.83
1.474,0.056842,162.64
1.475,0.056417,156.43
1.476,0.05599,150.23
1.477,0.055561,144.01
1.478,0.055129,137.79
1.479,0.054696,131.56
1.48,0.05426,125.33
1.481,0.053823,119.1
1.482,0.053383,112.86
1.483,0.052941,106.61
1.484,0.052497,100.36
1.485,0.052051,94.108
1.486,0.051603,87.851
1.487,0.051153,81.591
1.488,0.050702,75.327
1.489,0.050248,69.06
1.49,0.049792,62.791
1.491,0.049335,56.519
1.492,0.048875,50.244
1.493,0.048414,43.968
1.494,0.04795,37.69
1.495,0.047485,31.411
1.496,0.047019,25.13
1.497,0.04655,18.848
1.498,0.04608,12.566
1.499,0.045607,6.2831
1.5,0.045134,3.6739e-13
1.501,0.044658,-6.2831
1.502,0.044181,-12.566
1.503,0.043702,-18.848
1.504,0.043221,-25.13
1.505,0.042739,-31.411
1.506,0.042255,-37.69
1.507,0.041769,-43.968
1.508,0.041282,-50.244
1.509,0.040794,-56.519
1.51,0.040304,-62.791
1.511,0.039812,-69.06
1.512,0.039319,-75.327
1.513,0.038824,-81.591
1.514,0.038328,-87.851
1.515,0.037831,-94.108
1.516,0.037332,-100.36
1.517,0.036832,-106.61
1.518,0.03633,-112.86
1.519,0.035827,-119.1
1.52,0.035323,-125.33
1.521,0.034817,-131.56
1.522,0.03431,-137.79
1.523,0.033802,-144.01
1.524,0.033293,-150.23
1.525,0.032782,-156.43
1.526,0.03227,-162.64
1.527,0.031757,-168.83
1.528,0.031243,-175.02
1.529,0.030728,-181.21
1.53,0.030211,-187.38
1.531,0.029694,-193.55
1.532,0.029175,-199.71
1.533,0.028655,-205.86
1.534,0.028135,-212.01
1.535,0.027613,-218.14
1.536,0.02709,-224.27
1.537,0.026567,-230.39
1.538,0.026042,-236.5
1.539,0.025516,-242.6
1.54,0.02499,-248.69
1.541,0.024462,-254.77
1.542,0.023934,-260.84
1.543,0.023405,-266.9
1.544,0.022875,-272.95
1.545,0.022345,-278.99
1.546,0.021813,-285.02
1.547,0.021281,-291.04
1.548,0.020748,-297.04
1.549,0.020214,-303.04
1.55,0.01968,-309.02
1.551,0.019145,-314.99
1.552,0.018609,-320.94
1.553,0.018073,-326.89
1.554,0.017536,-332.82
1.555,0.016998,-338.74
1.556,0.01646,-344.64
1.557,0.015922,-350.53
1.558,0.015382,-356.41
1.559,0.014843,-362.28
1.56,0.014303,-368.12
1.561,0.013762,-373.96
1.562,0.013221,-379.78
1.563,0.01268,-385.58
1.564,0.012138,-391.37
1.565,0.011596,-397.15
1.566,0.011053,-402.91
1.567,0.01051,-408.65
1.568,0.0099671,-414.38
1.569,0.0094236,-420.09
1.57,0.0088799,-425.78
1.571,0.008336,-431.46
1.572,0.0077919,-437.12
1.573,0.0072475,-442.76
1.574,0.006703,-448.38
1.575,0.0061583,-453.99
1.576,0.0056135,-459.58
1.577,0.0050686,-465.15
1.578,0.0045236,-470.7
1.579,0.0039785,-476.24
1.58,0.0034334,-481.75
1.581,0.0028883,-487.25
1.582,0.0023432,-492.73
1.583,0.0017981,-498.19
1.584,0.001253,-503.62
1.585,0.00070803,-509.04
1.586,0.00016312,-514.44
1.587,-0.00038168,-519.82
1.588,-0.00092635,-525.17
1.589,-0.0014709,-530.51
1.59,-0.0020152,-535.83
1.591,-0.0025594,-541.12
1.592,-0.0031033,-546.39
1.593,-0.003647,-551.65
1.594,-0.0041904,-556.88
1.595,-0.0047336,-562.08
1.596,-0.0052764,-567.27
1.597,-0.0058189,-572.43
1.598,-0.0063611,-577.57
1.599,-0.0069029,-582.69
1.6,-0.0074444,-587.79
1.601,-0.0079854,-592.86
1.602,-0.008526,-597.9
1.603,-0.0090661,-602.93
1.604,-0.0096058,-607.93
1.605,-0.010145,-612.91
1.606,-0.010684,-617.86
1.607,-0.011222,-622.79
1.608,-0.011759,-627.69
1.609,-0.012296,-632.57
1.61,-0.012833,-637.42
1.611,-0.013368,-642.25
1.612,-0.013903,-647.06
1.613,-0.014438,-651.83
1.614,-0.014972,-656.59
1.615,-0.015505,-661.31
1.616,-0.016037,-666.01
1.617,-0.016569,-670.69
1.618,-0.0171,-675.33
1.619,-0.01763,-679.95
1.62,-0.018159,-684.55
1.621,-0.018687,-689.11
1.622,-0.019215,-693.65
1.623,-0.019741,-698.17
1.624,-0.020267,-702.65
1.625,-0.020792,-707.11
1.626,-0.021316,-711.54
1.627,-0.021839,-715.94
1.628,-0.022361,-720.31
1.629,-0.022882,-724.65
1.63,-0.023402,-728.97
1.631,-0.023921,-733.26
1.632,-0.024439,-737.51
1.633,-0.024956,-741.74
1.634,-0.025471,-745.94
1.635,-0.025986,-750.11
1.636,-0.0265,-754.25
1.637,-0.027012,-758.36
1.638,-0.027523,-762.44
1.639,-0.028033,-766.49
1.64,-0.028542,-770.51
1.641,-0.029049,-774.5
1.642,-0.029556,-778.46
1.643,-0.030061,-782.39
1.644,-0.030564,-786.29
1.645,-0.031067,-790.16
1.646,-0.031568,-793.99
1.647,-0.032067,-797.79
1.648,-0.032566,-801.57
1.649,-0.033063,-805.31
1.65,-0.033558,-809.02
1.651,-0.034052,-812.69
1.652,-0.034545,-816.34
1.653,-0.035036,-819.95
1.654,-0.035526,-823.53
1.655,-0.036014,-827.08
1.656,-0.036501,-830.6
1.657,-0.036986,-834.08
1.658,-0.03747,-837.53
1.659,-0.037952,-840.94
1.66,-0.038432,-844.33
1.661,-0.038911,-847.68
1.662,-0.039388,-850.99
1.663,-0.039864,-854.28
1.664,-0.040337,-857.53
1.665,-0.04081,-860.74
1.666,-0.04128,-863.92
1.667,-0.041749,-867.07
1.668,-0.042216,-870.18
1.669,-0.042681,-873.26
1.67,-0.043144,-876.31
1.671,-0.043606,-879.32
1.672,-0.044066,-882.29
1.673,-0.044524,-885.23
1.674,-0.04498,-888.14
1.675,-0.045434,-891.01
1.676,-0.045887,-893.84
1.677,-0.046337,-896.64
1.678,-0.046786,-899.41
1.679,-0.047232,-902.13
1.68,-0.047677,-904.83
1.681,-0.04812,-907.48
1.682,-0.04856,-910.11
1.683,-0.048999,-912.69
1.684,-0.049436,-915.24
1.685,-0.04987,-917.75
1.686,-0.050303,-920.23
1.687,-0.050734,-922.67
1.688,-0.051162,-925.08
1.689,-0.051588,-927.45
1.69,-0.052013,-929.78
1.691,-0.052435,-932.07
1.692,-0.052855,-934.33
1.693,-0.053273,-936.55
1.694,-0.053688,-938.73
1.695,-0.054102,-940.88
1.696,-0.054513,-942.99
1.697,-0.054922,-945.06
1.698,-0.055328,-947.1
1.699,-0.055733,-949.1
1.7,-0.056135,-951.06
1.701,-0.056535,-952.98
1.702,-0.056933,-954.86
1.703,-0.057328,-956.71
1.704,-0.057721,-958.52
1.705,-0.058111,-960.29
1.706,-0.0585,-962.03
1.707,-0.058885,-963.72
1.708,-0.059269,-965.38
1.709,-0.05965,-967
1.71,-0.060028,-968.58
1.711,-0.060405,-970.13
1.712,-0.060778,-971.63
1.713,-0.06115,-973.1
1.714,-0.061518,-974.53
1.715,-0.061885,-975.92
1.716,-0.062248,-977.27
1.717,-0.06261,-978.58
1.718,-0.062968,-979.86
1.719,-0.063325,-981.09
1.72,-0.063678,-982.29
1.721,-0.064029,-983.45
1.722,-0.064378,-984.56
1.723,-0.064723,-985.64
1.724,-0.065067,-986.69
1.725,-0.065407,-987.69
1.726,-0.065745,-988.65
1.727,-0.066081,-989.58
1.728,-0.066413,-990.46
1.729,-0.066743,-991.31
1.73,-0.06707,-992.11
1.731,-0.067395,-992.88
1.732,-0.067717,-993.61
1.733,-0.068036,-994.3
1.734,-0.068352,-994.95
1.735,-0.068666,-995.56
1.736,-0.068977,-996.13
1.737,-0.069285,-996.67
1.738,-0.069591,-997.16
1.739,-0.069893,-997.61
1.74,-0.070193,-998.03
1.741,-0.07049,-998.4
1.742,-0.070784,-998.74
1.743,-0.071075,-999.03
1.744,-0.071364,-999.29
1.745,-0.071649,-999.51
1.746,-0.071932,-999.68
1.747,-0.072212,-999.82
1.748,-0.072488,-999.92
1.749,-0.072762,-999.98
1.75,-0.073034,-1000
1.751,-0.073302,-999.98
1.752,-0.073567,-999.92
1.753,-0.073829,-999.82
1.754,-0.074089,-999.68
1.755,-0.074345,-999.51
1.756,-0.074598,-999.29
1.757,-0.074849,-999.03
1.758,-0.075096,-998.74
1.759,-0.075341,-998.4
1.76,-0.075582,-998.03
1.761,-0.075821,-997.61
1.762,-0.076056,-997.16
1.763,-0.076289,-996.67
1.764,-0.076518,-996.13
1.765,-0.076744,-995.56
1.766,-0.076967,-994.95
1.767,-0.077188,-994.3
1.768,-0.077405,-993.61
1.769,-0.077619,-992.88
1.77,-0.07783,-992.11
1.771,-0.078038,-991.31
1.772,-0.078242,-990.46
1.773,-0.078444,-989.58
1.774,-0.078642,-988.65
1.775,-0.078838,-987.69
1.776,-0.07903,-986.69
1.777,-0.079219,-985.64
1.778,-0.079405,-984.56
1.779,-0.079588,-983.45
1.78,-0.079768,-982.29
1.781,-0.079944,-981.09
1.782,-0.080118,-979.86
1.783,-0.080288,-978.58
1.784,-0.080455,-977.27
1.785,-0.080618,-975.92
1.786,-0.080779,-974.53
1.787,-0.080936,-973.1
1.788,-0.081091,-971.63
1.789,-0.081242,-970.13
1.79,-0.081389,-968.58
1.791,-0.081534,-967
1.792,-0.081675,-965.38
1.793,-0.081813,-963.72
1.794,-0.081948,-962.03
1.795,-0.08208,-960.29
1.796,-0.082208,-958.52
1.797,-0.082333,-956.71
1.798,-0.082455,-954.86
1.799,-0.082574,-952.98
1.8,-0.082689,-951.06
1.801,-0.082801,-949.1
1.802,-0.08291,-947.1
1.803,-0.083015,-945.06
1.804,-0.083117,-942.99
1.805,-0.083216,-940.88
1.806,-0.083312,-938.73
1.807,-0.083404,-936.55
1.808,-0.083494,-934.33
1.809,-0.083579,-932.07
1.81,-0.083662,-929.78
1.811,-0.083741,-927.45
1.812,-0.083817,-925.08
1.813,-0.08389,-922.67
1.814,-0.083959,-920.23
1.815,-0.084025,-917.75
1.816,-0.084088,-915.24
1.817,-0.084147,-912.69
1.818,-0.084203,-910.11
1.819,-0.084256,-907.48
1.82,-0.084305,-904.83
1.821,-0.084352,-902.13
1.822,-0.084394,-899.41
1.823,-0.084434,-896.64
1.824,-0.08447,-893.84
1.825,-0.084503,-891.01
1.826,-0.084532,-888.14
1.827,-0.084559,-885.23
1.828,-0.084582,-882.29
1.829,-0.084601,-879.32
1.83,-0.084617,-876.31
1.831,-0.08463,-873.26
1.832,-0.08464,-870.18
1.833,-0.084646,-867.07
1.834,-0.084649,-863.92
1.835,-0.084649,-860.74
1.836,-0.084645,-857.53
1.837,-0.084638,-854.28
1.838,-0.084628,-850.99
1.839,-0.084614,-847.68
1.84,-0.084597,-844.33
1.841,-0.084577,-840.94
1.842,-0.084553,-837.53
1.843,-0.084526,-834.08
1.844,-0.084496,-830.6
1.845,-0.084463,-827.08
1.846,-0.084426,-823.53
1.847,-0.084386,-819.95
1.848,-0.084342,-816.34
1.849,-0.084296,-812.69
1.85,-0.084245,-809.02
1.851,-0.084192,-805.31
1.852,-0.084135,-801.57
1.853,-0.084076,-797.79
1.854,-0.084012,-793.99
1.855,-0.083946,-790.16
1.856,-0.083876,-786.29
1.857,-0.083803,-782.39
1.858,-0.083727,-778.46
1.859,-0.083647,-774.5
1.86,-0.083564,-770.51
1.861,-0.083478,-766.49
1.862,-0.083389,-762.44
1.863,-0.083296,-758.36
1.864,-0.0832,-754.25
1.865,-0.083101,-750.11
1.866,-0.082998,-745.94
1.867,-0.082893,-741.74
1.868,-0.082784,-737.51
1.869,-0.082672,-733.26
1.87,-0.082557,-728.97
1.871,-0.082438,-724.65
1.872,-0.082316,-720.31
1.873,-0.082191,-715.94
1.874,-0.082063,-711.54
1.875,-0.081932,-707.11
1.876,-0.081797,-702.65
1.877,-0.081659,-698.17
1.878,-0.081518,-693.65
1.879,-0.081374,-689.11
1.88,-0.081227,-684.55
1.881,-0.081076,-679.95
1.882,-0.080923,-675.33
1.883,-0.080766,-670.69
1.884,-0.080606,-666.01
1.885,-0.080443,-661.31
1.886,-0.080277,-656.59
1.887,-0.080107,-651.83
1.888,-0.079935,-647.06
1.889,-0.07976,-642.25
1.89,-0.079581,-637.42
1.891,-0.079399,-632.57
1.892,-0.079214,-627.69
1.893,-0.079026,-622.79
1.894,-0.078835,-617.86
1.895,-0.078641,-612.91
1.896,-0.078444,-607.93
1.897,-0.078244,-602.93
1.898,-0.078041,-597.9
1.899,-0.077835,-592.86
1.9,-0.077625,-587.79
1.901,-0.077413,-582.69
1.902,-0.077198,-577.57
1.903,-0.07698,-572.43
1.904,-0.076758,-567.27
1.905,-0.076534,-562.08
1.906,-0.076307,-556.88
1.907,-0.076077,-551.65
1.908,-0.075843,-546.39
1.909,-0.075607,-541.12
1.91,-0.075368,-535.83
1.911,-0.075126,-530.51
1.912,-0.074882,-525.17
1.913,-0.074634,-519.82
1.914,-0.074383,-514.44
1.915,-0.07413,-509.04
1.916,-0.073873,-503.62
1.917,-0.073614,-498.19
1.918,-0.073352,-492.73
1.919,-0.073087,-487.25
1.92,-0.072819,-481.75
1.921,-0.072548,-476.24
1.922,-0.072275,-470.7
1.923,-0.071999,-465.15
1.924,-0.07172,-459.58
1.925,-0.071438,-453.99
1.926,-0.071153,-448.38
1.927,-0.070866,-442.76
1.928,-0.070576,-437.12
1.929,-0.070283,-431.46
1.93,-0.069988,-425.78
1.931,-0.069689,-420.09
1.932,-0.069389,-414.38
1.933,-0.069085,-408.65
1.934,-0.068779,-402.91
1.935,-0.06847,-397.15
1.936,-0.068158,-391.37
1.937,-0.067844,-385.58
1.938,-0.067527,-379.78
1.939,-0.067208,-373.96
1.94,-0.066886,-368.12
1.941,-0.066561,-362.28
1.942,-0.066234,-356.41
1.943,-0.065904,-350.53
1.944,-0.065572,-344.64
1.945,-0.065237,-338.74
1.946,-0.064899,-332.82
1.947,-0.064559,-326.89
1.948,-0.064217,-320.94
1.949,-0.063872,-314.99
1.95,-0.063525,-309.02
1.951,-0.063175,-303.04
1.952,-0.062823,-297.04
1.953,-0.062468,-291.04
1.954,-0.062111,-285.02
1.955,-0.061752,-278.99
1.956,-0.06139,-272.95
1.957,-0.061026,-266.9
1.958,-0.060659,-260.84
1.959,-0.06029,-254.77
1.96,-0.059919,-248.69
1.961,-0.059546,-242.6
1.962,-0.05917,-236.5
1.963,-0.058792,-230.39
1.964,-0.058412,-224.27
1.965,-0.058029,-218.14
1.966,-0.057644,-212.01
1.967,-0.057257,-205.86
1.968,-0.056868,-199.71
1.969,-0.056476,-193.55
1.97,-0.056083,-187.38
1.971,-0.055687,-181.21
1.972,-0.055289,-175.02
1.973,-0.054889,-168.83
1.974,-0.054487,-162.64
1.975,-0.054083,-156.43
1.976,-0.053676,-150.23
1.977,-0.053268,-144.01
1.978,-0.052857,-137.79
1.979,-0.052445,-131.56
1.98,-0.05203,-125.33
1.981,-0.051614,-119.1
1.982,-0.051195,-112.86
1.983,-0.050775,-106.61
1.984,-0.050353,-100.36
1.985,-0.049928,-94.108
1.986,-0.049502,-87.851
1.987,-0.049074,-81.591
1.988,-0.048644,-75.327
1.989,-0.048212,-69.06
1.99,-0.047778,-62.791
1.991,-0.047343,-56.519
1.992,-0.046905,-50.244
1.993,-0.046466,-43.968
1.994,-0.046025,-37.69
1.995,-0.045582,-31.411
1.996,-0.045138,-25.13
1.997,-0.044692,-18.848
1.998,-0.044244,-12.566
1.999,-0.043794,-6.2831
2,-0.043343,-4.8986e-13
2.001,-0.04289,6.2831
2.002,-0.042435,12.566
2.003,-0.041979,18.848
2.004,-0.041521,25.13
2.005,-0.041062,31.411
2.006,-0.040601,37.69
2.007,-0.040139,43.968
2.008,-0.039674,50.244
2.009,-0.039209,56.519
2.01,-0.038742,62.791
2.011,-0.038273,69.06
2.012,-0.037803,75.327
2.013,-0.037332,81.591
2.014,-0.036859,87.851
2.015,-0.036385,94.108
2.016,-0.035909,100.36
2.017,-0.035432,106.61
2.018,-0.034953,112.86
2.019,-0.034474,119.1
2.02,-0.033993,125.33
2.021,-0.03351,131.56
2.022,-0.033027,137.79
2.023,-0.032542,144.01
2.024,-0.032056,150.23
2.025,-0.031569,156.43
2.026,-0.03108,162.64
2.027,-0.03059,168.83
2.028,-0.030099,175.02
2.029,-0.029607,181.21
2.03,-0.029114,187.38
2.031,-0.02862,193.55
2.032,-0.028125,199.71
2.033,-0.027628,205.86
2.034,-0.027131,212.01
2.035,-0.026633,218.14
2.036,-0.026133,224.27
2.037,-0.025633,230.39
2.038,-0.025131,236.5
2.039,-0.024629,242.6
2.04,-0.024126,248.69
2.041,-0.023621,254.77
2.042,-0.023116,260.84
2.043,-0.02261,266.9
2.044,-0.022103,272.95
2.045,-0.021596,278.99
2.046,-0.021087,285.02
2.047,-0.020578,291.04
2.048,-0.020068,297.04
2.049,-0.019557,303.04
2.05,-0.019046,309.02
2.051,-0.018534,314.99
2.052,-0.018021,320.94
2.053,-0.017507,326.89
2.054,-0.016993,332.82
2.055,-0.016478,338.74
2.056,-0.015963,344.64
2.057,-0.015446,350.53
2.058,-0.01493,356.41
2.059,-0.014413,362.28
2.06,-0.013895,368.12
2.061,-0.013377,373.96
2.062,-0.012858,379.78
2.063,-0.012339,385.58
2.064,-0.011819,391.37
2.065,-0.011299,397.15
2.066,-0.010778,402.91
2.067,-0.010258,408.65
2.068,-0.0097363,414.38
2.069,-0.0092147,420.09
2.07,-0.0086928,425.78
2.071,-0.0081705,431.46
2.072,-0.007648,437.12
2.073,-0.0071251,442.76
2.074,-0.0066021,448.38
2.075,-0.0060788,453.99
2.076,-0.0055553,459.58
2.077,-0.0050316,465.15
2.078,-0.0045078,470.7
2.079,-0.0039838,476.24
2.08,-0.0034596,481.75
2.081,-0.0029354,487.25
2.082,-0.0024111,492.73
2.083,-0.0018867,498.19
2.084,-0.0013622,503.62
2.085,-0.00083777,509.04
2.086,-0.0003133,514.44
2.087,0.00021115,519.82
2.088,0.00073557,525.17
2.089,0.0012599,530.51
2.09,0.0017842,535.83
2.091,0.0023084,541.12
2.092,0.0028325,546.39
2.093,0.0033564,551.65
2.094,0.0038802,556.88
2.095,0.0044038,562.08
2.096,0.0049272,567.27
2.097,0.0054504,572.43
2.098,0.0059733,577.57
2.099,0.006496,582.69
2.1,0.0070184,587.79
2.101,0.0075405,592.86
2.102,0.0080623,597.9
2.103,0.0085838,602.93
2.104,0.0091048,607.93
2.105,0.0096256,612.91
2.106,0.010146,617.86
2.107,0.010666,622.79
2.108,0.011185,627.69
2.109,0.011704,632.57
2.11,0.012223,637.42
2.111,0.012741,642.25
2.112,0.013258,647.06
2.113,0.013775,651.83
2.114,0.014291,656.59
2.115,0.014807,661.31
2.116,0.015322,666.01
2.117,0.015837,670.69
2.118,0.016351,675.33
2.119,0.016864,679.95
2.12,0.017377,684.55
2.121,0.017889,689.11
2.122,0.0184,693.65
2.123,0.01891,698.17
2.124,0.01942,702.65
2.125,0.019929,707.11
2.126,0.020437,711.54
2.127,0.020944,715.94
2.128,0.021451,720.31
2.129,0.021956,724.65
2.13,0.022461,728.97
2.131,0.022965,733.26
2.132,0.023468,737.51
2.133,0.02397,741.74
2.134,0.024471,745.94
2.135,0.024971,750.11
2.136,0.02547,754.25
2.137,0.025968,758.36
2.138,0.026465,762.44
2.139,0.02696,766.49
2.14,0.027455,770.51
2.141,0.027949,774.5
2.142,0.028442,778.46
2.143,0.028933,782.39
2.144,0.029424,786.29
2.145,0.029913,790.16
2.146,0.030401,793.99
2.147,0.030888,797.79
2.148,0.031373,801.57
2.149,0.031857,805.31
2.15,0.03234,809.02
2.151,0.032822,812.69
2.152,0.033303,816.34
2.153,0.033782,819.95
2.154,0.03426,823.53
2.155,0.034736,827.08
2.156,0.035211,830.6
2.157,0.035685,834.08
2.158,0.036157,837.53
2.159,0.036628,840.94
2.16,0.037098,844.33
2.161,0.037566,847.68
2.162,0.038032,850.99
2.163,0.038497,854.28
2.164,0.038961,857.53
2.165,0.039422,860.74
2.166,0.039883,863.92
2.167,0.040342,867.07
2.168,0.040799,870.18
2.169,0.041254,873.26
2.17,0.041708,876.31
2.171,0.042161,879.32
2.172,0.042611,882.29
2.173,0.04306,885.23
2.174,0.043508,888.14
2.175,0.043953,891.01
2.176,0.044397,893.84
2.177,0.044839,896.64
2.178,0.045279,899.41
2.179,0.045718,902.13
2.18,0.046155,904.83
2.181,0.04659,907.48
2.182,0.047023,910.11
2.183,0.047454,912.69
2.184,0.047883,915.24
2.185,0.048311,917.75
2.186,0.048736,920.23
2.187,0.04916,922.67
2.188,0.049582,925.08
2.189,0.050002,927.45
2.19,0.050419,929.78
2.191,0.050835,932.07
2.192,0.051249,934.33
2.193,0.051661,936.55
2.194,0.052071,938.73
2.195,0.052478,940.88
2.196,0.052884,942.99
2.197,0.053288,945.06
2.198,0.053689,947.1
2.199,0.054089,949.1
2.2,0.054486,951.06
2.201,0.054881,952.98
2.202,0.055274,954.86
2.203,0.055665,956.71
2.204,0.056054,958.52
2.205,0.05644,960.29
2.206,0.056824,962.03
2.207,0.057206,963.72
2.208,0.057586,965.38
2.209,0.057964,967
2.21,0.058339,968.58
2.211,0.058712,970.13
2.212,0.059082,971.63
2.213,0.059451,973.1
2.214,0.059817,974.53
2.215,0.06018,975.92
2.216,0.060541,977.27
2.217,0.0609,978.58
2.218,0.061257,979.86
2.219,0.061611,981.09
2.22,0.061963,982.29
2.221,0.062312,983.45
2.222,0.062659,984.56
2.223,0.063003,985.64
2.224,0.063345,986.69
2.225,0.063684,987.69
2.226,0.064021,988.65
2.227,0.064356,989.58
2.228,0.064688,990.46
2.229,0.065017,991.31
2.23,0.065344,992.11
2.231,0.065668,992.88
2.232,0.06599,993.61
2.233,0.066309,994.3
2.234,0.066625,994.95
2.235,0.066939,995.56
2.236,0.06725,996.13
2.237,0.067559,996.67
2.238,0.067865,997.16
2.239,0.068168,997.61
2.24,0.068469,998.03
2.241,0.068767,998.4
2.242,0.069062,998.74
2.243,0.069354,999.03
2.244,0.069644,999.29
2.245,0.069931,999.51
2.246,0.070216,999.68
2.247,0.070497,999.82
2.248,0.070776,999.92
2.249,0.071052,999.98
2.25,0.071325,1000
2.251,0.071596,999.98
2.252,0.071864,999.92
2.253,0.072129,999.82
2.254,0.072391,999.68
2.255,0.07265,999.51
2.256,0.072906,999.29
2.257,0.07316,999.03
2.258,0.07341,998.74
2.259,0.073658,998.4
2.26,0.073903,998.03
2.261,0.074145,997.61
2.262,0.074384,997.16
2.263,0.07462,996.67
2.264,0.074854,996.13
2.265,0.075084,995.56
2.266,0.075311,994.95
2.267,0.075536,994.3
2.268,0.075757,993.61
2.269,0.075976,992.88
2.27,0.076191,992.11
2.271,0.076404,991.31
2.272,0.076613,990.46
2.273,0.07682,989.58
2.274,0.077024,988.65
2.275,0.077224,987.69
2.276,0.077422,986.69
2.277,0.077616,985.64
2.278,0.077808,984.56
2.279,0.077996,983.45
2.28,0.078181,982.29
2.281,0.078364,981.09
2.282,0.078543,979.86
2.283,0.078719,978.58
2.284,0.078892,977.27
2.285,0.079062,975.92
2.286,0.079229,974.53
2.287,0.079393,973.1
2.288,0.079553,971.63
2.289,0.079711,970.13
2.29,0.079865,968.58
2.291,0.080017,967
2.292,0.080165,965.38
2.293,0.08031,963.72
2.294,0.080452,962.03
2.295,0.080591,960.29
2.296,0.080726,958.52
2.297,0.080859,956.71
2.298,0.080988,954.86
2.299,0.081114,952.98
2.3,0.081237,951.06
2.301,0.081357,949.1
2.302,0.081473,947.1
2.303,0.081587,945.06
2.304,0.081697,942.99
2.305,0.081804,940.88
2.306,0.081907,938.73
2.307,0.082008,936.55
2.308,0.082105,934.33
2.309,0.0822,932.07
2.31,0.08229,929.78
2.311,0.082378,927.45
2.312,0.082463,925.08
2.313,0.082544,922.67
2.314,0.082622,920.23
2.315,0.082697,917.75
2.316,0.082768,915.24
2.317,0.082837,912.69
2.318,0.082902,910.11
2.319,0.082963,907.48
2.32,0.083022,904.83
2.321,0.083077,902.13
2.322,0.083129,899.41
2.323,0.083178,896.64
2.324,0.083224,893.84
2.325,0.083266,891.01
2.326,0.083305,888.14
2.327,0.083341,885.23
2.328,0.083373,882.29
2.329,0.083403,879.32
2.33,0.083429,876.31
2.331,0.083451,873.26
2.332,0.083471,870.18
2.333,0.083487,867.07
2.334,0.0835,863.92
2.335,0.08351,860.74
2.336,0.083516,857.53
2.337,0.083519,854.28
2.338,0.083519,850.99
2.339,0.083516,847.68
2.34,0.083509,844.33
2.341,0.083499,840.94
2.342,0.083486,837.53
2.343,0.083469,834.08
2.344,0.083449,830.6
2.345,0.083426,827.08
2.346,0.0834,823.53
2.347,0.08337,819.95
2.348,0.083338,816.34
2.349,0.083301,812.69
2.35,0.083262,809.02
2.351,0.083219,805.31
2.352,0.083174,801.57
2.353,0.083124,797.79
2.354,0.083072,793.99
2.355,0.083016,790.16
2.356,0.082957,786.29
2.357,0.082895,782.39
2.358,0.08283,778.46
2.359,0.082761,774.5
2.36,0.082689,770.51
2.361,0.082614,766.49
2.362,0.082536,762.44
2.363,0.082454,758.36
2.364,0.082369,754.25
2.365,0.082281,750.11
2.366,0.08219,745.94
2.367,0.082095,741.74
2.368,0.081998,737.51
2.369,0.081897,733.26
2.37,0.081793,728.97
2.371,0.081685,724.65
2.372,0.081575,720.31
2.373,0.081461,715.94
2.374,0.081344,711.54
2.375,0.081224,707.11
2.376,0.081101,702.65
2.377,0.080974,698.17
2.378,0.080845,693.65
2.379,0.080712,689.11
2.38,0.080576,684.55
2.381,0.080437,679.95
2.382,0.080294,675.33
2.383,0.080149,670.69
2.384,0.08,666.01
2.385,0.079849,661.31
2.386,0.079694,656.59
2.387,0.079536,651.83
2.388,0.079375,647.06
2.389,0.07921,642.25
2.39,0.079043,637.42
2.391,0.078873,632.57
2.392,0.078699,627.69
2.393,0.078523,622.79
2.394,0.078343,617.86
2.395,0.07816,612.91
2.396,0.077975,607.93
2.397,0.077786,602.93
2.398,0.077594,597.9
2.399,0.077399,592.86
2.4,0.077201,587.79
2.401,0.077,582.69
2.402,0.076796,577.57
2.403,0.076589,572.43
2.404,0.076379,567.27
2.405,0.076166,562.08
2.406,0.07595,556.88
2.407,0.075731,551.65
2.408,0.075509,546.39
2.409,0.075284,541.12
2.41,0.075056,535.83
2.411,0.074825,530.51
2.412,0.074591,525.17
2.413,0.074355,519.82
2.414,0.074115,514.44
2.415,0.073873,509.04
2.416,0.073627,503.62
2.417,0.073379,498.19
2.418,0.073128,492.73
2.419,0.072874,487.25
2.42,0.072617,481.75
2.421,0.072357,476.24
2.422,0.072094,470.7
2.423,0.071829,465.15
2.424,0.071561,459.58
2.425,0.07129,453.99
2.426,0.071016,448.38
2.427,0.070739,442.76
2.428,0.07046,437.12
2.429,0.070178,431.46
2.43,0.069893,425.78
2.431,0.069605,420.09
2.432,0.069315,414.38
2.433,0.069022,408.65
2.434,0.068726,402.91
2.435,0.068427,397.15
2.436,0.068126,391.37
2.437,0.067822,385.58
2.438,0.067516,379.78
2.439,0.067206,373.96
2.44,0.066895,368.12
2.441,0.06658,362.28
2.442,0.066263,356.41
2.443,0.065943,350.53
2.444,0.065621,344.64
2.445,0.065296,338.74
2.446,0.064969,332.82
2.447,0.064639,326.89
2.448,0.064306,320.94
2.449,0.063971,314.99
2.45,0.063634,309.02
2.451,0.063294,303.04
2.452,0.062951,297.04
2.453,0.062606,291.04
2.454,0.062259,285.02
2.455,0.061909,278.99
2.456,0.061556,272.95
2.457,0.061202,266.9
2.458,0.060845,260.84
2.459,0.060485,254.77
2.46,0.060123,248.69
2.461,0.059759,242.6
2.462,0.059392,236.5
2.463,0.059023,230.39
2.464,0.058652,224.27
2.465,0.058278,218.14
2.466,0.057902,212.01
2.467,0.057524,205.86
2.468,0.057144,199.71
2.469,0.056761,193.55
2.47,0.056376,187.38
2.471,0.055989,181.21
2.472,0.0556,175.02
2.473,0.055208,168.83
2.474,0.054815,162.64
2.475,0.054419,156.43
2.476,0.054021,150.23
2.477,0.053621,144.01
2.478,0.053219,137.79
2.479,0.052814,131.56
2.48,0.052408,125.33
2.481,0.051999,119.1
2.482,0.051589,112.86
2.483,0.051176,106.61
2.484,0.050762,100.36
2.485,0.050345,94.108
2.486,0.049927,87.851
2.487,0.049506,81.591
2.488,0.049084,75.327
2.489,0.04866,69.06
2.49,0.048233,62.791
2.491,0.047805,56.519
2.492,0.047375,50.244
2.493,0.046943,43.968
2.494,0.046509,37.69
2.495,0.046074,31.411
2.496,0.045636,25.13
2.497,0.045197,18.848
2.498,0.044756,12.566
2.499,0.044313,6.2831
2.5,0.043869,6.1232e-13
2.501,0.043423,-6.2831
2.502,0.042975,-12.566
2.503,0.042525,-18.848
2.504,0.042074,-25.13
2.505,0.041621,-31.411
2.506,0.041166,-37.69
2.507,0.04071,-43.968
2.508,0.040252,-50.244
2.509,0.039793,-56.519
2.51,0.039332,-62.791
2.511,0.038869,-69.06
2.512,0.038405,-75.327
2.513,0.03794,-81.591
2.514,0.037473,-87.851
2.515,0.037004,-94.108
2.516,0.036534,-100.36
2.517,0.036063,-106.61
2.518,0.03559,-112.86
2.519,0.035116,-119.1
2.52,0.03464,-125.33
2.521,0.034163,-131.56
2.522,0.033684,-137.79
2.523,0.033205,-144.01
2.524,0.032724,-150.23
2.525,0.032241,-156.43
2.526,0.031758,-162.64
2.527,0.031273,-168.83
2.528,0.030787,-175.02
2.529,0.0303,-181.21
2.53,0.029811,-187.38
2.531,0.029321,-193.55
2.532,0.028831,-199.71
2.533,0.028339,-205.86
2.534,0.027846,-212.01
2.535,0.027351,-218.14
2.536,0.026856,-224.27
2.537,0.02636,-230.39
2.538,0.025862,-236.5
2.539,0.025364,-242.6
2.54,0.024865,-248.69
2.541,0.024364,-254.77
2.542,0.023863,-260.84
2.543,0.023361,-266.9
2.544,0.022857,-272.95
2.545,0.022353,-278.99
2.546,0.021848,-285.02
2.547,0.021342,-291.04
2.548,0.020836,-297.04
2.549,0.020328,-303.04
2.55,0.01982,-309.02
2.551,0.019311,-314.99
2.552,0.018801,-320.94
2.553,0.01829,-326.89
2.554,0.017779,-332.82
2.555,0.017266,-338.74
2.556,0.016754,-344.64
2.557,0.01624,-350.53
2.558,0.015726,-356.41
2.559,0.015211,-362.28
2.56,0.014696,-368.12
2.561,0.01418,-373.96
2.562,0.013664,-379.78
2.563,0.013147,-385.58
2.564,0.012629,-391.37
2.565,0.012111,-397.15
2.566,0.011593,-402.91
2.567,0.011074,-408.65
2.568,0.010554,-414.38
2.569,0.010034,-420.09
2.57,0.009514,-425.78
2.571,0.0089934,-431.46
2.572,0.0084723,-437.12
2.573,0.007951,-442.76
2.574,0.0074293,-448.38
2.575,0.0069073,-453.99
2.576,0.0063851,-459.58
2.577,0.0058626,-465.15
2.578,0.0053398,-470.7
2.579,0.0048169,-476.24
2.58,0.0042937,-481.75
2.581,0.0037703,-487.25
2.582,0.0032468,-492.73
2.583,0.0027232,-498.19
2.584,0.0021994,-503.62
2.585,0.0016756,-509.04
2.586,0.0011517,-514.44
2.587,0.00062768,-519.82
2.588,0.00010366,-525.17
2.589,-0.00042036,-530.51
2.59,-0.00094438,-535.83
2.591,-0.0014684,-541.12
2.592,-0.0019923,-546.39
2.593,-0.0025162,-551.65
2.594,-0.00304,-556.88
2.595,-0.0035636,-562.08
2.596,-0.0040872,-567.27
2.597,-0.0046106,-572.43
2.598,-0.0051338,-577.57
2.599,-0.0056568,-582.69
2.6,-0.0061796,-587.79
2.601,-0.0067022,-592.86
2.602,-0.0072245,-597.9
2.603,-0.0077466,-602.93
2.604,-0.0082683,-607.93
2.605,-0.0087897,-612.91
2.606,-0.0093108,-617.86
2.607,-0.0098316,-622.79
2.608,-0.010352,-627.69
2.609,-0.010872,-632.57
2.61,-0.011391,-637.42
2.611,-0.011911,-642.25
2.612,-0.012429,-647.06
2.613,-0.012947,-651.83
2.614,-0.013465,-656.59
2.615,-0.013982,-661.31
2.616,-0.014499,-666.01
2.617,-0.015015,-670.69
2.618,-0.01553,-675.33
2.619,-0.016045,-679.95
2.62,-0.016559,-684.55
2.621,-0.017073,-689.11
2.622,-0.017586,-693.65
2.623,-0.018098,-698.17
2.624,-0.01861,-702.65
2.625,-0.019121,-707.11
2.626,-0.019631,-711.54
2.627,-0.02014,-715.94
2.628,-0.020649,-720.31
2.629,-0.021156,-724.65
2.63,-0.021663,-728.97
2.631,-0.022169,-733.26
2.632,-0.022674,-737.51
2.633,-0.023179,-741.74
2.634,-0.023682,-745.94
2.635,-0.024185,-750.11
2.636,-0.024686,-754.25
2.637,-0.025187,-758.36
2.638,-0.025686,-762.44
2.639,-0.026185,-766.49
2.64,-0.026683,-770.51
2.641,-0.027179,-774.5
2.642,-0.027675,-778.46
2.643,-0.028169,-782.39
2.644,-0.028662,-786.29
2.645,-0.029155,-790.16
2.646,-0.029646,-793.99
2.647,-0.030136,-797.79
2.648,-0.030624,-801.57
2.649,-0.031112,-805.31
2.65,-0.031598,-809.02
2.651,-0.032083,-812.69
2.652,-0.032567,-816.34
2.653,-0.033049,-819.95
2.654,-0.033531,-823.53
2.655,-0.034011,-827.08
2.656,-0.034489,-830.6
2.657,-0.034967,-834.08
2.658,-0.035442,-837.53
2.659,-0.035917,-840.94
2.66,-0.03639,-844.33
2.661,-0.036862,-847.68
2.662,-0.037332,-850.99
2.663,-0.037801,-854.28
2.664,-0.038268,-857.53
2.665,-0.038734,-860.74
2.666,-0.039198,-863.92
2.667,-0.039661,-867.07
2.668,-0.040122,-870.18
2.669,-0.040582,-873.26
2.67,-0.04104,-876.31
2.671,-0.041496,-879.32
2.672,-0.041951,-882.29
2.673,-0.042404,-885.23
2.674,-0.042856,-888.14
2.675,-0.043305,-891.01
2.676,-0.043754,-893.84
2.677,-0.0442,-896.64
2.678,-0.044645,-899.41
2.679,-0.045088,-902.13
2.68,-0.045529,-904.83
2.681,-0.045968,-907.48
2.682,-0.046406,-910.11
2.683,-0.046842,-912.69
2.684,-0.047275,-915.24
2.685,-0.047708,-917.75
2.686,-0.048138,-920.23
2.687,-0.048566,-922.67
2.688,-0.048992,-925.08
2.689,-0.049417,-927.45
2.69,-0.04984,-929.78
2.691,-0.05026,-932.07
2.692,-0.050679,-934.33
2.693,-0.051095,-936.55
2.694,-0.05151,-938.73
2.695,-0.051923,-940.88
2.696,-0.052333,-942.99
2.697,-0.052742,-945.06
2.698,-0.053148,-947.1
2.699,-0.053553,-949.1
2.7,-0.053955,-951.06
2.701,-0.054355,-952.98
2.702,-0.054753,-954.86
2.703,-0.055149,-956.71
2.704,-0.055543,-958.52
2.705,-0.055934,-960.29
2.706,-0.056323,-962.03
2.707,-0.056711,-963.72
2.708,-0.057095,-965.38
2.709,-0.057478,-967
2.71,-0.057859,-968.58
2.711,-0.058237,-970.13
2.712,-0.058612,-971.63
2.713,-0.058986,-973.1
2.714,-0.059357,-974.53
2.715,-0.059726,-975.92
2.716,-0.060093,-977.27
2.717,-0.060457,-978.58
2.718,-0.060819,-979.86
2.719,-0.061178,-981.09
2.72,-0.061535,-982.29
2.721,-0.06189,-983.45
2.722,-0.062242,-984.56
2.723,-0.062592,-985.64
2.724,-0.062939,-986.69
2.725,-0.063284,-987.69
2.726,-0.063626,-988.65
2.727,-0.063966,-989.58
2.728,-0.064303,-990.46
2.729,-0.064638,-991.31
2.73,-0.06497,-992.11
2.731,-0.0653,-992.88
2.732,-0.065627,-993.61
2.733,-0.065951,-994.3
2.734,-0.066273,-994.95
2.735,-0.066593,-995.56
2.736,-0.066909,-996.13
2.737,-0.067224,-996.67
2.738,-0.067535,-997.16
2.739,-0.067844,-997.61
2.74,-0.06815,-998.03
2.741,-0.068453,-998.4
2.742,-0.068754,-998.74
2.743,-0.069052,-999.03
2.744,-0.069348,-999.29
2.745,-0.06964,-999.51
2.746,-0.06993,-999.68
2.747,-0.070217,-999.82
2.748,-0.070502,-999.92
2.749,-0.070783,-999.98
2.75,-0.071062,-1000
2.751,-0.071338,-999.98
2.752,-0.071611,-999.92
2.753,-0.071882,-999.82
2.754,-0.072149,-999.68
2.755,-0.072414,-999.51
2.756,-0.072676,-999.29
2.757,-0.072935,-999.03
2.758,-0.073191,-998.74
2.759,-0.073444,-998.4
2.76,-0.073695,-998.03
2.761,-0.073942,-997.61
2.762,-0.074187,-997.16
2.763,-0.074428,-996.67
2.764,-0.074667,-996.13
2.765,-0.074903,-995.56
2.766,-0.075136,-994.95
2.767,-0.075365,-994.3
2.768,-0.075592,-993.61
2.769,-0.075816,-992.88
2.77,-0.076037,-992.11
2.771,-0.076255,-991.31
2.772,-0.07647,-990.46
2.773,-0.076682,-989.58
2.774,-0.076891,-988.65
2.775,-0.077097,-987.69
2.776,-0.0773,-986.69
2.777,-0.0775,-985.64
2.778,-0.077697,-984.56
2.779,-0.07789,-983.45
2.78,-0.078081,-982.29
2.781,-0.078269,-981.09
2.782,-0.078453,-979.86
2.783,-0.078634,-978.58
2.784,-0.078813,-977.27
2.785,-0.078988,-975.92
2.786,-0.07916,-974.53
2.787,-0.079329,-973.1
2.788,-0.079495,-971.63
2.789,-0.079658,-970.13
2.79,-0.079817,-968.58
2.791,-0.079974,-967
2.792,-0.080127,-965.38
2.793,-0.080277,-963.72
2.794,-0.080424,-962.03
2.795,-0.080568,-960.29
2.796,-0.080709,-958.52
2.797,-0.080846,-956.71
2.798,-0.08098,-954.86
2.799,-0.081112,-952.98
2.8,-0.081239,-951.06
2.801,-0.081364,-949.1
2.802,-0.081486,-947.1
2.803,-0.081604,-945.06
2.804,-0.081719,-942.99
2.805,-0.081831,-940.88
2.806,-0.081939,-938.73
2.807,-0.082045,-936.55
2.808,-0.082147,-934.33
2.809,-0.082246,-932.07
2.81,-0.082342,-929.78
2.811,-0.082434,-927.45
2.812,-0.082523,-925.08
2.813,-0.082609,-922.67
2.814,-0.082692,-920.23
2.815,-0.082771,-917.75
2.816,-0.082848,-915.24
2.817,-0.08292,-912.69
2.818,-0.08299,-910.11
2.819,-0.083056,-907.48
2.82,-0.08312,-904.83
2.821,-0.083179,-902.13
2.822,-0.083236,-899.41
2.823,-0.083289,-896.64
2.824,-0.083339,-893.84
2.825,-0.083386,-891.01
2.826,-0.083429,-888.14
2.827,-0.083469,-885.23
2.828,-0.083506,-882.29
2.829,-0.08354,-879.32
2.83,-0.08357,-876.31
2.831,-0.083597,-873.26
2.832,-0.083621,-870.18
2.833,-0.083641,-867.07
2.834,-0.083658,-863.92
2.835,-0.083672,-860.74
2.836,-0.083682,-857.53
2.837,-0.083689,-854.28
2.838,-0.083693,-850.99
2.839,-0.083694,-847.68
2.84,-0.083691,-844.33
2.841,-0.083685,-840.94
2.842,-0.083676,-837.53
2.843,-0.083663,-834.08
2.844,-0.083647,-830.6
2.845,-0.083628,-827.08
2.846,-0.083605,-823.53
2.847,-0.083579,-819.95
2.848,-0.08355,-816.34
2.849,-0.083518,-812.69
2.85,-0.083482,-809.02
2.851,-0.083443,-805.31
2.852,-0.083401,-801.57
2.853,-0.083355,-797.79
2.854,-0.083306,-793.99
2.855,-0.083254,-790.16
2.856,-0.083199,-786.29
2.857,-0.08314,-782.39
2.858,-0.083078,-778.46
2.859,-0.083012,-774.5
2.86,-0.082944,-770.51
2.861,-0.082872,-766.49
2.862,-0.082797,-762.44
2.863,-0.082719,-758.36
2.864,-0.082637,-754.25
2.865,-0.082552,-750.11
2.866,-0.082464,-745.94
2.867,-0.082372,-741.74
2.868,-0.082278,-737.51
2.869,-0.08218,-733.26
2.87,-0.082079,-728.97
2.871,-0.081974,-724.65
2.872,-0.081867,-720.31
2.873,-0.081756,-715.94
2.874,-0.081642,-711.54
2.875,-0.081524,-707.11
2.876,-0.081404,-702.65
2.877,-0.08128,-698.17
2.878,-0.081153,-693.65
2.879,-0.081023,-689.11
2.88,-0.08089,-684.55
2.881,-0.080753,-679.95
2.882,-0.080613,-675.33
2.883,-0.08047,-670.69
2.884,-0.080324,-666.01
2.885,-0.080175,-661.31
2.886,-0.080023,-656.59
2.887,-0.079867,-651.83
2.888,-0.079708,-647.06
2.889,-0.079546,-642.25
2.89,-0.079381,-637.42
2.891,-0.079213,-632.57
2.892,-0.079042,-627.69
2.893,-0.078867,-622.79
2.894,-0.07869,-617.86
2.895,-0.078509,-612.91
2.896,-0.078325,-607.93
2.897,-0.078139,-602.93
2.898,-0.077949,-597.9
2.899,-0.077756,-592.86
2.9,-0.07756,-587.79
2.901,-0.077361,-582.69
2.902,-0.077158,-577.57
2.903,-0.076953,-572.43
2.904,-0.076745,-567.27
2.905,-0.076534,-562.08
2.906,-0.076319,-556.88
2.907,-0.076102,-551.65
2.908,-0.075881,-546.39
2.909,-0.075658,-541.12
2.91,-0.075432,-535.83
2.911,-0.075202,-530.51
2.912,-0.07497,-525.17
2.913,-0.074735,-519.82
2.914,-0.074497,-514.44
2.915,-0.074256,-509.04
2.916,-0.074012,-503.62
2.917,-0.073765,-498.19
2.918,-0.073515,-492.73
2.919,-0.073262,-487.25
2.92,-0.073006,-481.75
2.921,-0.072747,-476.24
2.922,-0.072486,-470.7
2.923,-0.072222,-465.15
2.924,-0.071954,-459.58
2.925,-0.071684,-453.99
2.926,-0.071412,-448.38
2.927,-0.071136,-442.76
2.928,-0.070857,-437.12
2.929,-0.070576,-431.46
2.93,-0.070292,-425.78
2.931,-0.070005,-420.09
2.932,-0.069715,-414.38
2.933,-0.069423,-408.65
2.934,-0.069128,-402.91
2.935,-0.06883,-397.15
2.936,-0.068529,-391.37
2.937,-0.068226,-385.58
2.938,-0.06792,-379.78
2.939,-0.067611,-373.96
2.94,-0.0673,-368.12
2.941,-0.066986,-362.28
2.942,-0.066669,-356.41
2.943,-0.06635,-350.53
2.944,-0.066028,-344.64
2.945,-0.065704,-338.74
2.946,-0.065376,-332.82
2.947,-0.065047,-326.89
2.948,-0.064714,-320.94
2.949,-0.06438,-314.99
2.95,-0.064042,-309.02
2.951,-0.063702,-303.04
2.952,-0.06336,-297.04
2.953,-0.063015,-291.04
2.954,-0.062667,-285.02
2.955,-0.062317,-278.99
2.956,-0.061965,-272.95
2.957,-0.06161,-266.9
2.958,-0.061253,-260.84
2.959,-0.060893,-254.77
2.96,-0.060531,-248.69
2.961,-0.060167,-242.6
2.962,-0.0598,-236.5
2.963,-0.059431,-230.39
2.964,-0.059059,-224.27
2.965,-0.058685,-218.14
2.966,-0.058309,-212.01
2.967,-0.05793,-205.86
2.968,-0.057549,-199.71
2.969,-0.057166,-193.55
2.97,-0.056781,-187.38
2.971,-0.056393,-181.21
2.972,-0.056003,-175.02
2.973,-0.055611,-168.83
2.974,-0.055217,-162.64
2.975,-0.05482,-156.43
2.976,-0.054422,-150.23
2.977,-0.054021,-144.01
2.978,-0.053618,-137.79
2.979,-0.053213,-131.56
2.98,-0.052806,-125.33
2.981,-0.052396,-119.1
2.982,-0.051985,-112.86
2.983,-0.051572,-106.61
2.984,-0.051156,-100.36
2.985,-0.050739,-94.108
2.986,-0.050319,-87.851
2.987,-0.049898,-81.591
2.988,-0.049474,-75.327
2.989,-0.049049,-69.06
2.99,-0.048622,-62.791
2.991,-0.048192,-56.519
2.992,-0.047761,-50.244
2.993,-0.047328,-43.968
2.994,-0.046893,-37.69
2.995,-0.046457,-31.411
2.996,-0.046018,-25.13
2.997,-0.045577,-18.848
2.998,-0.045135,-12.566
2.999,-0.044691,-6.2831
3,-0.044245,-7.3479e-13
3.001,-0.043798,6.2831
3.002,-0.043348,12.566
3.003,-0.042897,18.848
3.004,-0.042445,25.13
3.005,-0.04199,31.411
3.006,-0.041534,37.69
3.007,-0.041076,43.968
3.008,-0.040617,50.244
3.009,-0.040156,56.519
3.01,-0.039694,62.791
3.011,-0.03923,69.06
3.012,-0.038764,75.327
3.013,-0.038297,81.591
3.014,-0.037828,87.851
3.015,-0.037358,94.108
3.016,-0.036886,100.36
3.017,-0.036413,106.61
3.018,-0.035938,112.86
3.019,-0.035462,119.1
3.02,-0.034985,125.33
3.021,-0.034506,131.56
3.022,-0.034026,137.79
3.023,-0.033544,144.01
3.024,-0.033061,150.23
3.025,-0.032577,156.43
3.026,-0.032092,162.64
3.027,-0.031605,168.83
3.028,-0.031117,175.02
3.029,-0.030627,181.21
3.03,-0.030137,187.38
3.031,-0.029645,193.55
3.032,-0.029153,199.71
3.033,-0.028659,205.86
3.034,-0.028163,212.01
3.035,-0.027667,218.14
3.036,-0.02717,224.27
3.037,-0.026671,230.39
3.038,-0.026172,236.5
3.039,-0.025671,242.6
3.04,-0.02517,248.69
3.041,-0.024667,254.77
3.042,-0.024164,260.84
3.043,-0.023659,266.9
3.044,-0.023154,272.95
3.045,-0.022647,278.99
3.046,-0.02214,285.02
3.047,-0.021632,291.04
3.048,-0.021123,297.04
3.049,-0.020613,303.04
3.05,-0.020103,309.02
3.051,-0.019591,314.99
3.052,-0.019079,320.94
3.053,-0.018566,326.89
3.054,-0.018052,332.82
3.055,-0.017538,338.74
3.056,-0.017023,344.64
3.057,-0.016507,350.53
3.058,-0.01599,356.41
3.059,-0.015473,362.28
3.06,-0.014955,368.12
3.061,-0.014437,373.96
3.062,-0.013918,379.78
3.063,-0.013399,385.58
3.064,-0.012879,391.37
3.065,-0.012358,397.15
3.066,-0.011837,402.91
3.067,-0.011316,408.65
3.068,-0.010794,414.38
3.069,-0.010271,420.09
3.07,-0.0097485,425.78
3.071,-0.0092253,431.46
3.072,-0.0087018,437.12
3.073,-0.0081779,442.76
3.074,-0.0076537,448.38
3.075,-0.0071291,453.99
3.076,-0.0066043,459.58
3.077,-0.0060792,465.15
3.078,-0.0055539,470.7
3.079,-0.0050283,476.24
3.08,-0.0045026,481.75
3.081,-0.0039766,487.25
3.082,-0.0034505,492.73
3.083,-0.0029243,498.19
3.084,-0.0023979,503.62
3.085,-0.0018714,509.04
3.086,-0.0013449,514.44
3.087,-0.00081825,519.82
3.088,-0.0002916,525.17
3.089,0.00023507,530.51
3.09,0.00076174,535.83
3.091,0.0012884,541.12
3.092,0.001815,546.39
3.093,0.0023415,551.65
3.094,0.002868,556.88
3.095,0.0033943,562.08
3.096,0.0039205,567.27
3.097,0.0044466,572.43
3.098,0.0049724,577.57
3.099,0.0054981,582.69
3.1,0.0060236,587.79
3.101,0.0065489,592.86
3.102,0.0070739,597.9
3.103,0.0075986,602.93
3.104,0.008123,607.93
3.105,0.0086472,612.91
3.106,0.0091709,617.86
3.107,0.0096944,622.79
3.108,0.010217,627.69
3.109,0.01074,632.57
3.11,0.011262,637.42
3.111,0.011784,642.25
3.112,0.012305,647.06
3.113,0.012826,651.83
3.114,0.013347,656.59
3.115,0.013866,661.31
3.116,0.014386,666.01
3.117,0.014904,670.69
3.118,0.015423,675.33
3.119,0.01594,679.95
3.12,0.016457,684.55
3.121,0.016973,689.11
3.122,0.017489,693.65
3.123,0.018004,698.17
3.124,0.018518,702.65
3.125,0.019032,707.11
3.126,0.019544,711.54
3.127,0.020056,715.94
3.128,0.020567,720.31
3.129,0.021078,724.65
3.13,0.021587,728.97
3.131,0.022096,733.26
3.132,0.022604,737.51
3.133,0.023111,741.74
3.134,0.023617,745.94
3.135,0.024122,750.11
3.136,0.024626,754.25
3.137,0.025129,758.36
3.138,0.025632,762.44
3.139,0.026133,766.49
3.14,0.026633,770.51
3.141,0.027132,774.5
3.142,0.02763,778.46
3.143,0.028127,782.39
3.144,0.028623,786.29
3.145,0.029118,790.16
3.146,0.029611,793.99
3.147,0.030104,797.79
3.148,0.030595,801.57
3.149,0.031085,805.31
3.15,0.031574,809.02
3.151,0.032061,812.69
3.152,0.032548,816.34
3.153,0.033033,819.95
3.154,0.033516,823.53
3.155,0.033999,827.08
3.156,0.03448,830.6
3.157,0.03496,834.08
3.158,0.035438,837.53
3.159,0.035915,840.94
3.16,0.03639,844.33
3.161,0.036865,847.68
3.162,0.037337,850.99
3.163,0.037808,854.28
3.164,0.038278,857.53
3.165,0.038746,860.74
3.166,0.039213,863.92
3.167,0.039678,867.07
3.168,0.040141,870.18
3.169,0.040603,873.26
3.17,0.041064,876.31
3.171,0.041523,879.32
3.172,0.04198,882.29
3.173,0.042435,885.23
3.174,0.042889,888.14
3.175,0.043341,891.01
3.176,0.043791,893.84
3.177,0.04424,896.64
3.178,0.044687,899.41
3.179,0.045132,902.13
3.18,0.045575,904.83
3.181,0.046017,907.48
3.182,0.046457,910.11
3.183,0.046895,912.69
3.184,0.047331,915.24
3.185,0.047765,917.75
3.186,0.048197,920.23
3.187,0.048628,922.67
3.188,0.049056,925.08
3.189,0.049483,927.45
3.19,0.049907,929.78
3.191,0.05033,932.07
3.192,0.050751,934.33
3.193,0.051169,936.55
3.194,0.051586,938.73
3.195,0.052001,940.88
3.196,0.052413,942.99
3.197,0.052824,945.06
3.198,0.053232,947.1
3.199,0.053639,949.1
3.2,0.054043,951.06
3.201,0.054445,952.98
3.202,0.054845,954.86
3.203,0.055242,956.71
3.204,0.055638,958.52
3.205,0.056031,960.29
3.206,0.056423,962.03
3.207,0.056812,963.72
3.208,0.057198,965.38
3.209,0.057583,967
3.21,0.057965,968.58
3.211,0.058345,970.13
3.212,0.058722,971.63
3.213,0.059098,973.1
3.214,0.059471,974.53
3.215,0.059841,975.92
3.216,0.060209,977.27
3.217,0.060575,978.58
3.218,0.060939,979.86
3.219,0.0613,981.09
3.22,0.061658,982.29
3.221,0.062015,983.45
3.222,0.062368,984.56
3.223,0.06272,985.64
3.224,0.063069,986.69
3.225,0.063415,987.69
3.226,0.063759,988.65
3.227,0.0641,989.58
3.228,0.064439,990.46
3.229,0.064775,991.31
3.23,0.065109,992.11
3.231,0.06544,992.88
3.232,0.065768,993.61
3.233,0.066094,994.3
3.234,0.066418,994.95
3.235,0.066738,995.56
3.236,0.067056,996.13
3.237,0.067372,996.67
3.238,0.067685,997.16
3.239,0.067995,997.61
3.24,0.068302,998.03
3.241,0.068607,998.4
3.242,0.068909,998.74
3.243,0.069208,999.03
3.244,0.069505,999.29
3.245,0.069798,999.51
3.246,0.07009,999.68
3.247,0.070378,999.82
3.248,0.070663,999.92
3.249,0.070946,999.98
3.25,0.071226,1000
3.251,0.071503,999.98
3.252,0.071777,999.92
3.253,0.072049,999.82
3.254,0.072317,999.68
3.255,0.072583,999.51
3.256,0.072846,999.29
3.257,0.073106,999.03
3.258,0.073363,998.74
3.259,0.073617,998.4
3.26,0.073869,998.03
3.261,0.074117,997.61
3.262,0.074363,997.16
3.263,0.074605,996.67
3.264,0.074845,996.13
3.265,0.075081,995.56
3.266,0.075315,994.95
3.267,0.075546,994.3
3.268,0.075773,993.61
3.269,0.075998,992.88
3.27,0.07622,992.11
3.271,0.076439,991.31
3.272,0.076654,990.46
3.273,0.076867,989.58
3.274,0.077077,988.65
3.275,0.077283,987.69
3.276,0.077487,986.69
3.277,0.077687,985.64
3.278,0.077885,984.56
3.279,0.078079,983.45
3.28,0.07827,982.29
3.281,0.078458,981.09
3.282,0.078643,979.86
3.283,0.078825,978.58
3.284,0.079004,977.27
3.285,0.07918,975.92
3.286,0.079352,974.53
3.287,0.079522,973.1
3.288,0.079688,971.63
3.289,0.079851,970.13
3.29,0.080011,968.58
3.291,0.080168,967
3.292,0.080322,965.38
3.293,0.080472,963.72
3.294,0.08062,962.03
3.295,0.080764,960.29
3.296,0.080905,958.52
3.297,0.081043,956.71
3.298,0.081177,954.86
3.299,0.081308,952.98
3.3,0.081437,951.06
3.301,0.081562,949.1
3.302,0.081683,947.1
3.303,0.081802,945.06
3.304,0.081917,942.99
3.305,0.082029,940.88
3.306,0.082138,938.73
3.307,0.082243,936.55
3.308,0.082346,934.33
3.309,0.082445,932.07
3.31,0.08254,929.78
3.311,0.082633,927.45
3.312,0.082722,925.08
3.313,0.082808,922.67
3.314,0.082891,920.23
3.315,0.08297,917.75
3.316,0.083046,915.24
3.317,0.083119,912.69
3.318,0.083189,910.11
3.319,0.083255,907.48
3.32,0.083318,904.83
3.321,0.083378,902.13
3.322,0.083434,899.41
3.323,0.083487,896.64
3.324,0.083537,893.84
3.325,0.083584,891.01
3.326,0.083627,888.14
3.327,0.083667,885.23
3.328,0.083703,882.29
3.329,0.083737,879.32
3.33,0.083767,876.31
3.331,0.083793,873.26
3.332,0.083817,870.18
3.333,0.083837,867.07
3.334,0.083854,863.92
3.335,0.083867,860.74
3.336,0.083877,857.53
3.337,0.083884,854.28
3.338,0.083888,850.99
3.339,0.083888,847.68
3.34,0.083885,844.33
3.341,0.083878,840.94
3.342,0.083868,837.53
3.343,0.083855,834.08
3.344,0.083839,830.6
3.345,0.083819,827.08
3.346,0.083796,823.53
3.347,0.08377,819.95
3.348,0.08374,816.34
3.349,0.083707,812.69
3.35,0.083671,809.02
3.351,0.083632,805.31
3.352,0.083589,801.57
3.353,0.083543,797.79
3.354,0.083493,793.99
3.355,0.08344,790.16
3.356,0.083384,786.29
3.357,0.083325,782.39
3.358,0.083262,778.46
3.359,0.083196,774.5
3.36,0.083127,770.51
3.361,0.083055,766.49
3.362,0.082979,762.44
3.363,0.0829,758.36
3.364,0.082817,754.25
3.365,0.082732,750.11
3.366,0.082643,745.94
3.367,0.082551,741.74
3.368,0.082455,737.51
3.369,0.082357,733.26
3.37,0.082255,728.97
3.371,0.08215,724.65
3.372,0.082041,720.31
3.373,0.08193,715.94
3.374,0.081815,711.54
3.375,0.081697,707.11
3.376,0.081575,702.65
3.377,0.081451,698.17
3.378,0.081323,693.65
3.379,0.081192,689.11
3.38,0.081058,684.55
3.381,0.08092,679.95
3.382,0.08078,675.33
3.383,0.080636,670.69
3.384,0.080489,666.01
3.385,0.080339,661.31
3.386,0.080185,656.59
3.387,0.080029,651.83
3.388,0.079869,647.06
3.389,0.079706,642.25
3.39,0.07954,637.42
3.391,0.079371,632.57
3.392,0.079199,627.69
3.393,0.079023,622.79
3.394,0.078845,617.86
3.395,0.078663,612.91
3.396,0.078478,607.93
3.397,0.078291,602.93
3.398,0.0781,597.9
3.399,0.077906,592.86
3.4,0.077708,587.79
3.401,0.077508,582.69
3.402,0.077305,577.57
3.403,0.077099,572.43
3.404,0.076889,567.27
3.405,0.076677,562.08
3.406,0.076462,556.88
3.407,0.076243,551.65
3.408,0.076022,546.39
3.409,0.075797,541.12
3.41,0.07557,535.83
3.411,0.075339,530.51
3.412,0.075106,525.17
3.413,0.07487,519.82
3.414,0.07463,514.44
3.415,0.074388,509.04
3.416,0.074143,503.62
3.417,0.073895,498.19
3.418,0.073643,492.73
3.419,0.073389,487.25
3.42,0.073133,481.75
3.421,0.072873,476.24
3.422,0.07261,470.7
3.423,0.072345,465.15
3.424,0.072076,459.58
3.425,0.071805,453.99
3.426,0.071531,448.38
3.427,0.071254,442.76
3.428,0.070974,437.12
3.429,0.070692,431.46
3.43,0.070406,425.78
3.431,0.070118,420.09
3.432,0.069827,414.38
3.433,0.069534,408.65
3.434,0.069237,402.91
3.435,0.068938,397.15
3.436,0.068636,391.37
3.437,0.068332,385.58
3.438,0.068025,379.78
3.439,0.067715,373.96
3.44,0.067402,368.12
3.441,0.067087,362.28
3.442,0.066769,356.41
3.443,0.066448,350.53
3.444,0.066125,344.64
3.445,0.065799,338.74
3.446,0.065471,332.82
3.447,0.06514,326.89
3.448,0.064806,320.94
3.449,0.06447,314.99
3.45,0.064131,309.02
3.451,0.06379,303.04
3.452,0.063447,297.04
3.453,0.0631,291.04
3.454,0.062752,285.02
3.455,0.0624,278.99
3.456,0.062047,272.95
3.457,0.06169,266.9
3.458,0.061332,260.84
3.459,0.060971,254.77
3.46,0.060607,248.69
3.461,0.060242,242.6
3.462,0.059873,236.5
3.463,0.059503,230.39
3.464,0.05913,224.27
3.465,0.058755,218.14
3.466,0.058377,212.01
3.467,0.057997,205.86
3.468,0.057615,199.71
3.469,0.057231,193.55
3.47,0.056844,187.38
3.471,0.056455,181.21
3.472,0.056064,175.02
3.473,0.055671,168.83
3.474,0.055275,162.64
3.475,0.054877,156.43
3.476,0.054477,150.23
3.477,0.054075,144.01
3.478,0.053671,137.79
3.479,0.053264,131.56
3.48,0.052856,125.33
3.481,0.052445,119.1
3.482,0.052033,112.86
3.483,0.051618,106.61
3.484,0.051201,100.36
3.485,0.050783,94.108
3.486,0.050362,87.851
3.487,0.049939,81.591
3.488,0.049514,75.327
3.489,0.049088,69.06
3.49,0.048659,62.791
3.491,0.048229,56.519
3.492,0.047796,50.244
3.493,0.047362,43.968
3.494,0.046926,37.69
3.495,0.046487,31.411
3.496,0.046048,25.13
3.497,0.045606,18.848
3.498,0.045162,12.566
3.499,0.044717,6.2831
3.5,0.04427,8.5725e-13
3.501,0.043821,-6.2831
3.502,0.043371,-12.566
3.503,0.042918,-18.848
3.504,0.042464,-25.13
3.505,0.042009,-31.411
3.506,0.041551,-37.69
3.507,0.041092,-43.968
3.508,0.040632,-50.244
3.509,0.04017,-56.519
3.51,0.039706,-62.791
3.511,0.039241,-69.06
3.512,0.038774,-75.327
3.513,0.038305,-81.591
3.514,0.037835,-87.851
3.515,0.037364,-94.108
3.516,0.036891,-100.36
3.517,0.036417,-106.61
3.518,0.035941,-112.86
3.519,0.035464,-119.1
3.52,0.034985,-125.33
3.521,0.034505,-131.56
3.522,0.034024,-137.79
3.523,0.033541,-144.01
3.524,0.033057,-150.23
3.525,0.032571,-156.43
3.526,0.032085,-162.64
3.527,0.031597,-168.83
3.528,0.031108,-175.02
3.529,0.030617,-181.21
3.53,0.030126,-187.38
3.531,0.029633,-193.55
3.532,0.029139,-199.71
3.533,0.028644,-205.86
3.534,0.028148,-212.01
3.535,0.02765,-218.14
3.536,0.027152,-224.27
3.537,0.026652,-230.39
3.538,0.026152,-236.5
3.539,0.02565,-242.6
3.54,0.025147,-248.69
3.541,0.024644,-254.77
3.542,0.024139,-260.84
3.543,0.023634,-266.9
3.544,0.023127,-272.95
3.545,0.02262,-278.99
3.546,0.022112,-285.02
3.547,0.021602,-291.04
3.548,0.021092,-297.04
3.549,0.020582,-303.04
3.55,0.02007,-309.02
3.551,0.019557,-314.99
3.552,0.019044,-320.94
3.553,0.01853,-326.89
3.554,0.018016,-332.82
3.555,0.0175,-338.74
3.556,0.016984,-344.64
3.557,0.016467,-350.53
3.558,0.01595,-356.41
3.559,0.015432,-362.28
3.56,0.014913,-368.12
3.561,0.014394,-373.96
3.562,0.013874,-379.78
3.563,0.013353,-385.58
3.564,0.012833,-391.37
3.565,0.012311,-397.15
3.566,0.011789,-402.91
3.567,0.011267,-408.65
3.568,0.010744,-414.38
3.569,0.010221,-420.09
3.57,0.0096971,-425.78
3.571,0.0091731,-431.46
3.572,0.0086487,-437.12
3.573,0.0081239,-442.76
3.574,0.0075989,-448.38
3.575,0.0070735,-453.99
3.576,0.0065479,-459.58
3.577,0.006022,-465.15
3.578,0.0054958,-470.7
3.579,0.0049695,-476.24
3.58,0.0044429,-481.75
3.581,0.0039162,-487.25
3.582,0.0033893,-492.73
3.583,0.0028623,-498.19
3.584,0.0023351,-503.62
3.585,0.0018079,-509.04
3.586,0.0012806,-514.44
3.587,0.00075326,-519.82
3.588,0.00022588,-525.17
3.589,-0.0003015,-530.51
3.59,-0.00082888,-535.83
3.591,-0.0013562,-541.12
3.592,-0.0018835,-546.39
3.593,-0.0024107,-551.65
3.594,-0.0029378,-556.88
3.595,-0.0034649,-562.08
3.596,-0.0039917,-567.27
3.597,-0.0045184,-572.43
3.598,-0.005045,-577.57
3.599,-0.0055713,-582.69
3.6,-0.0060974,-587.79
3.601,-0.0066233,-592.86
3.602,-0.0071489,-597.9
3.603,-0.0076742,-602.93
3.604,-0.0081993,-607.93
3.605,-0.008724,-612.91
3.606,-0.0092483,-617.86
3.607,-0.0097723,-622.79
3.608,-0.010296,-627.69
3.609,-0.010819,-632.57
3.61,-0.011342,-637.42
3.611,-0.011864,-642.25
3.612,-0.012386,-647.06
3.613,-0.012907,-651.83
3.614,-0.013428,-656.59
3.615,-0.013949,-661.31
3.616,-0.014468,-666.01
3.617,-0.014988,-670.69
3.618,-0.015506,-675.33
3.619,-0.016024,-679.95
3.62,-0.016542,-684.55
3.621,-0.017058,-689.11
3.622,-0.017574,-693.65
3.623,-0.01809,-698.17
3.624,-0.018604,-702.65
3.625,-0.019118,-707.11
3.626,-0.019631,-711.54
3.627,-0.020144,-715.94
3.628,-0.020655,-720.31
3.629,-0.021166,-724.65
3.63,-0.021676,-728.97
3.631,-0.022185,-733.26
3.632,-0.022693,-737.51
3.633,-0.023201,-741.74
3.634,-0.023707,-745.94
3.635,-0.024212,-750.11
3.636,-0.024717,-754.25
3.637,-0.02522,-758.36
3.638,-0.025723,-762.44
3.639,-0.026224,-766.49
3.64,-0.026725,-770.51
3.641,-0.027224,-774.5
3.642,-0.027723,-778.46
3.643,-0.02822,-782.39
3.644,-0.028716,-786.29
3.645,-0.029211,-790.16
3.646,-0.029705,-793.99
3.647,-0.030197,-797.79
3.648,-0.030689,-801.57
3.649,-0.031179,-805.31
3.65,-0.031668,-809.02
3.651,-0.032156,-812.69
3.652,-0.032642,-816.34
3.653,-0.033128,-819.95
3.654,-0.033611,-823.53
3.655,-0.034094,-827.08
3.656,-0.034575,-830.6
3.657,-0.035055,-834.08
3.658,-0.035534,-837.53
3.659,-0.036011,-840.94
3.66,-0.036486,-844.33
3.661,-0.03696,-847.68
3.662,-0.037433,-850.99
3.663,-0.037904,-854.28
3.664,-0.038374,-857.53
3.665,-0.038843,-860.74
3.666,-0.039309,-863.92
3.667,-0.039774,-867.07
3.668,-0.040238,-870.18
3.669,-0.0407,-873.26
3.67,-0.04116,-876.31
3.671,-0.041619,-879.32
3.672,-0.042076,-882.29
3.673,-0.042532,-885.23
3.674,-0.042986,-888.14
3.675,-0.043438,-891.01
3.676,-0.043888,-893.84
3.677,-0.044337,-896.64
3.678,-0.044784,-899.41
3.679,-0.045229,-902.13
3.68,-0.045672,-904.83
3.681,-0.046114,-907.48
3.682,-0.046553,-910.11
3.683,-0.046991,-912.69
3.684,-0.047427,-915.24
3.685,-0.047861,-917.75
3.686,-0.048293,-920.23
3.687,-0.048724,-922.67
3.688,-0.049152,-925.08
3.689,-0.049579,-927.45
3.69,-0.050003,-929.78
3.691,-0.050426,-932.07
3.692,-0.050846,-934.33
3.693,-0.051265,-936.55
3.694,-0.051681,-938.73
3.695,-0.052096,-940.88
3.696,-0.052508,-942.99
3.697,-0.052919,-945.06
3.698,-0.053327,-947.1
3.699,-0.053733,-949.1
3.7,-0.054137,-951.06
3.701,-0.054539,-952.98
3.702,-0.054939,-954.86
3.703,-0.055336,-956.71
3.704,-0.055732,-958.52
3.705,-0.056125,-960.29
3.706,-0.056516,-962.03
3.707,-0.056904,-963.72
3.708,-0.057291,-965.38
3.709,-0.057675,-967
3.71,-0.058057,-968.58
3.711,-0.058437,-970.13
3.712,-0.058814,-971.63
3.713,-0.059189,-973.1
3.714,-0.059562,-974.53
3.715,-0.059932,-975.92
3.716,-0.0603,-977.27
3.717,-0.060665,-978.58
3.718,-0.061029,-979.86
3.719,-0.061389,-981.09
3.72,-0.061748,-982.29
3.721,-0.062104,-983.45
3.722,-0.062457,-984.56
3.723,-0.062808,-985.64
3.724,-0.063156,-986.69
3.725,-0.063502,-987.69
3.726,-0.063846,-988.65
3.727,-0.064187,-989.58
3.728,-0.064525,-990.46
3.729,-0.064861,-991.31
3.73,-0.065195,-992.11
3.731,-0.065525,-992.88
3.732,-0.065853,-993.61
3.733,-0.066179,-994.3
3.734,-0.066502,-994.95
3.735,-0.066822,-995.56
3.736,-0.06714,-996.13
3.737,-0.067455,-996.67
3.738,-0.067767,-997.16
3.739,-0.068077,-997.61
3.74,-0.068384,-998.03
3.741,-0.068688,-998.4
3.742,-0.06899,-998.74
3.743,-0.069289,-999.03
3.744,-0.069585,-999.29
3.745,-0.069878,-999.51
3.746,-0.070169,-999.68
3.747,-0.070457,-999.82
3.748,-0.070742,-999.92
3.749,-0.071024,-999.98
3.75,-0.071303,-1000
3.751,-0.07158,-999.98
3.752,-0.071854,-999.92
3.753,-0.072125,-999.82
3.754,-0.072393,-999.68
3.755,-0.072658,-999.51
3.756,-0.072921,-999.29
3.757,-0.07318,-999.03
3.758,-0.073437,-998.74
3.759,-0.07369,-998.4
3.76,-0.073941,-998.03
3.761,-0.074189,-997.61
3.762,-0.074434,-997.16
3.763,-0.074676,-996.67
3.764,-0.074915,-996.13
3.765,-0.075151,-995.56
3.766,-0.075384,-994.95
3.767,-0.075615,-994.3
3.768,-0.075842,-993.61
3.769,-0.076066,-992.88
3.77,-0.076287,-992.11
3.771,-0.076505,-991.31
3.772,-0.07672,-990.46
3.773,-0.076933,-989.58
3.774,-0.077142,-988.65
3.775,-0.077348,-987.69
3.776,-0.077551,-986.69
3.777,-0.077751,-985.64
3.778,-0.077947,-984.56
3.779,-0.078141,-983.45
3.78,-0.078332,-982.29
3.781,-0.078519,-981.09
3.782,-0.078704,-979.86
3.783,-0.078885,-978.58
3.784,-0.079064,-977.27
3.785,-0.079239,-975.92
3.786,-0.079411,-974.53
3.787,-0.07958,-973.1
3.788,-0.079745,-971.63
3.789,-0.079908,-970.13
3.79,-0.080067,-968.58
3.791,-0.080223,-967
3.792,-0.080377,-965.38
3.793,-0.080526,-963.72
3.794,-0.080673,-962.03
3.795,-0.080817,-960.29
3.796,-0.080957,-958.52
3.797,-0.081094,-956.71
3.798,-0.081228,-954.86
3.799,-0.081359,-952.98
3.8,-0.081486,-951.06
3.801,-0.081611,-949.1
3.802,-0.081732,-947.1
3.803,-0.08185,-945.06
3.804,-0.081964,-942.99
3.805,-0.082076,-940.88
3.806,-0.082184,-938.73
3.807,-0.082289,-936.55
3.808,-0.08239,-934.33
3.809,-0.082489,-932.07
3.81,-0.082584,-929.78
3.811,-0.082676,-927.45
3.812,-0.082764,-925.08
3.813,-0.08285,-922.67
3.814,-0.082932,-920.23
3.815,-0.083011,-917.75
3.816,-0.083086,-915.24
3.817,-0.083158,-912.69
3.818,-0.083227,-910.11
3.819,-0.083293,-907.48
3.82,-0.083355,-904.83
3.821,-0.083415,-902.13
3.822,-0.08347,-899.41
3.823,-0.083523,-896.64
3.824,-0.083572,-893.84
3.825,-0.083618,-891.01
3.826,-0.08366,-888.14
3.827,-0.0837,-885.23
3.828,-0.083736,-882.29
3.829,-0.083768,-879.32
3.83,-0.083798,-876.31
3.831,-0.083824,-873.26
3.832,-0.083847,-870.18
3.833,-0.083866,-867.07
3.834,-0.083882,-863.92
3.835,-0.083895,-860.74
3.836,-0.083904,-857.53
3.837,-0.083911,-854.28
3.838,-0.083913,-850.99
3.839,-0.083913,-847.68
3.84,-0.083909,-844.33
3.841,-0.083902,-840.94
3.842,-0.083892,-837.53
3.843,-0.083878,-834.08
3.844,-0.083861,-830.6
3.845,-0.083841,-827.08
3.846,-0.083817,-823.53
3.847,-0.08379,-819.95
3.848,-0.08376,-816.34
3.849,-0.083726,-812.69
3.85,-0.08369,-809.02
3.851,-0.083649,-805.31
3.852,-0.083606,-801.57
3.853,-0.083559,-797.79
3.854,-0.083509,-793.99
3.855,-0.083456,-790.16
3.856,-0.083399,-786.29
3.857,-0.083339,-782.39
3.858,-0.083276,-778.46
3.859,-0.083209,-774.5
3.86,-0.083139,-770.51
3.861,-0.083066,-766.49
3.862,-0.08299,-762.44
3.863,-0.08291,-758.36
3.864,-0.082827,-754.25
3.865,-0.082741,-750.11
3.866,-0.082652,-745.94
3.867,-0.082559,-741.74
3.868,-0.082463,-737.51
3.869,-0.082364,-733.26
3.87,-0.082261,-728.97
3.871,-0.082155,-724.65
3.872,-0.082046,-720.31
3.873,-0.081934,-715.94
3.874,-0.081819,-711.54
3.875,-0.0817,-707.11
3.876,-0.081578,-702.65
3.877,-0.081453,-698.17
3.878,-0.081324,-693.65
3.879,-0.081193,-689.11
3.88,-0.081058,-684.55
3.881,-0.08092,-679.95
3.882,-0.080779,-675.33
3.883,-0.080634,-670.69
3.884,-0.080487,-666.01
3.885,-0.080336,-661.31
3.886,-0.080182,-656.59
3.887,-0.080025,-651.83
3.888,-0.079865,-647.06
3.889,-0.079701,-642.25
3.89,-0.079535,-637.42
3.891,-0.079365,-632.57
3.892,-0.079192,-627.69
3.893,-0.079016,-622.79
3.894,-0.078837,-617.86
3.895,-0.078655,-612.91
3.896,-0.07847,-607.93
3.897,-0.078281,-602.93
3.898,-0.07809,-597.9
3.899,-0.077895,-592.86
3.9,-0.077698,-587.79
3.901,-0.077497,-582.69
3.902,-0.077293,-577.57
3.903,-0.077087,-572.43
3.904,-0.076877,-567.27
3.905,-0.076664,-562.08
3.906,-0.076448,-556.88
3.907,-0.076229,-551.65
3.908,-0.076007,-546.39
3.909,-0.075782,-541.12
3.91,-0.075554,-535.83
3.911,-0.075323,-530.51
3.912,-0.075089,-525.17
3.913,-0.074852,-519.82
3.914,-0.074613,-514.44
3.915,-0.07437,-509.04
3.916,-0.074124,-503.62
3.917,-0.073875,-498.19
3.918,-0.073624,-492.73
3.919,-0.073369,-487.25
3.92,-0.073112,-481.75
3.921,-0.072852,-476.24
3.922,-0.072589,-470.7
3.923,-0.072323,-465.15
3.924,-0.072054,-459.58
3.925,-0.071782,-453.99
3.926,-0.071508,-448.38
3.927,-0.07123,-442.76
3.928,-0.07095,-437.12
3.929,-0.070667,-431.46
3.93,-0.070382,-425.78
3.931,-0.070093,-420.09
3.932,-0.069802,-414.38
3.933,-0.069508,-408.65
3.934,-0.069211,-402.91
3.935,-0.068911,-397.15
3.936,-0.068609,-391.37
3.937,-0.068304,-385.58
3.938,-0.067997,-379.78
3.939,-0.067686,-373.96
3.94,-0.067373,-368.12
3.941,-0.067058,-362.28
3.942,-0.066739,-356.41
3.943,-0.066418,-350.53
3.944,-0.066095,-344.64
3.945,-0.065769,-338.74
3.946,-0.06544,-332.82
3.947,-0.065108,-326.89
3.948,-0.064774,-320.94
3.949,-0.064438,-314.99
3.95,-0.064099,-309.02
3.951,-0.063757,-303.04
3.952,-0.063413,-297.04
3.953,-0.063067,-291.04
3.954,-0.062718,-285.02
3.955,-0.062366,-278.99
3.956,-0.062012,-272.95
3.957,-0.061656,-266.9
3.958,-0.061297,-260.84
3.959,-0.060935,-254.77
3.96,-0.060572,-248.69
3.961,-0.060206,-242.6
3.962,-0.059837,-236.5
3.963,-0.059466,-230.39
3.964,-0.059093,-224.27
3.965,-0.058718,-218.14
3.966,-0.05834,-212.01
3.967,-0.05796,-205.86
3.968,-0.057577,-199.71
3.969,-0.057192,-193.55
3.97,-0.056805,-187.38
3.971,-0.056416,-181.21
3.972,-0.056025,-175.02
3.973,-0.055631,-168.83
3.974,-0.055235,-162.64
3.975,-0.054837,-156.43
3.976,-0.054437,-150.23
3.977,-0.054035,-144.01
3.978,-0.05363,-137.79
3.979,-0.053224,-131.56
3.98,-0.052815,-125.33
3.981,-0.052404,-119.1
3.982,-0.051991,-112.86
3.983,-0.051576,-106.61
3.984,-0.051159,-100.36
3.985,-0.050741,-94.108
3.986,-0.05032,-87.851
3.987,-0.049897,-81.591
3.988,-0.049472,-75.327
3.989,-0.049045,-69.06
3.99,-0.048616,-62.791
3.991,-0.048185,-56.519
3.992,-0.047753,-50.244
3.993,-0.047318,-43.968
3.994,-0.046882,-37.69
3.995,-0.046444,-31.411
3.996,-0.046004,-25.13
3.997,-0.045562,-18.848
3.998,-0.045118,-12.566
3.999,-0.044673,-6.2831
4,-0.044225,-9.7972e-13
